#EXT	PDF_AVG
0.4	0.0
0.5	0.0
0.6000000000000001	0.0
0.7000000000000001	0.0
0.8	0.0
0.9	0.0
1.0	0.0
1.1	0.0
1.2000000000000002	0.0
1.3	0.0
1.4000000000000001	0.0
1.5	0.0
1.6	0.0
1.7000000000000002	0.0
1.8	0.0
1.9000000000000001	0.0
2.0	0.0
2.1	0.0
2.2	0.0
2.3000000000000003	0.0
2.4000000000000004	0.0
2.5	0.0
2.6	0.0
2.7	0.0
2.8000000000000003	0.0
2.9000000000000004	0.0
3.0	0.0
3.1	0.0
3.2	0.0
3.3000000000000003	0.0
3.4000000000000004	0.0
3.5	0.0
3.6	0.0
3.7	0.0
3.8000000000000003	0.0
3.9000000000000004	0.0
4.0	0.0
4.1000000000000005	0.0
4.2	0.0
4.3	0.0
4.4	0.0
4.5	0.0
4.6000000000000005	0.0
4.7	0.0
4.800000000000001	0.0
4.9	0.0
5.0	0.0
5.1000000000000005	0.0
5.2	0.0
5.300000000000001	0.0
5.4	0.0
5.5	0.0
5.6000000000000005	0.0
5.7	0.0
5.800000000000001	0.0
5.9	0.0
6.0	0.0
6.1000000000000005	0.0
6.2	0.0
6.300000000000001	0.0
6.4	0.0
6.5	0.0
6.6000000000000005	0.0
6.7	0.0
6.800000000000001	0.0
6.9	0.0
7.0	0.0
7.1000000000000005	0.0
7.2	0.0
7.300000000000001	0.0
7.4	0.0
7.5	0.0
7.6000000000000005	0.0
7.7	0.0
7.800000000000001	0.0
7.9	0.0
8.0	0.0
8.1	0.0
8.200000000000001	0.0
8.3	5.000000000000018e-06
8.4	1.0000000000000036e-05
8.5	1.5000000000000053e-05
8.6	1.5000000000000053e-05
8.700000000000001	2.0000000000000073e-05
8.8	2.0000000000000073e-05
8.9	2.0000000000000073e-05
9.0	2.5000000000000086e-05
9.1	2.5000000000000086e-05
9.200000000000001	3.0000000000000106e-05
9.3	3.0000000000000106e-05
9.4	3.0000000000000106e-05
9.5	2.9999999999999926e-05
9.600000000000001	5.5000000000000016e-05
9.700000000000001	8.00000000000001e-05
9.8	9.500000000000017e-05
9.9	0.00012500000000000027
10.0	0.0001499999999999999
10.100000000000001	0.00019000000000000006
10.200000000000001	0.00023500000000000024
10.3	0.00032500000000000053
10.4	0.000450000000000001
10.5	0.000589999999999999
10.600000000000001	0.0007549999999999996
10.700000000000001	0.00086
10.8	0.0010750000000000009
10.9	0.0012400000000000013
11.0	0.001404999999999999
11.100000000000001	0.0015799999999999994
11.200000000000001	0.0018500000000000003
11.3	0.001995000000000001
11.4	0.002225000000000002
11.5	0.0023250000000000007
11.600000000000001	0.002505000000000001
11.700000000000001	0.0027200000000000015
11.8	0.003035000000000003
11.9	0.003370000000000004
12.0	0.0038899999999999963
12.100000000000001	0.004349999999999998
12.200000000000001	0.004775
12.3	0.005155000000000002
12.4	0.005530000000000002
12.5	0.005964999999999996
12.600000000000001	0.006629999999999999
12.700000000000001	0.00688
12.8	0.007465000000000002
12.9	0.008025000000000004
13.0	0.008694999999999994
13.100000000000001	0.008904999999999995
13.200000000000001	0.009604999999999997
13.3	0.009764999999999998
13.4	0.01024
13.5	0.010524999999999996
13.600000000000001	0.010899999999999996
13.700000000000001	0.011154999999999998
13.8	0.011870000000000002
13.9	0.012295000000000002
14.0	0.012485
14.100000000000001	0.012920000000000001
14.200000000000001	0.013230000000000002
14.3	0.013360000000000002
14.4	0.013320000000000004
14.5	0.013445000000000002
14.600000000000001	0.01363
14.700000000000001	0.013945000000000003
14.8	0.014410000000000003
14.9	0.015255000000000008
15.0	0.016159999999999994
15.100000000000001	0.01722
15.200000000000001	0.018340000000000002
15.3	0.019450000000000005
15.4	0.020190000000000007
15.5	0.021299999999999993
15.600000000000001	0.022709999999999998
15.700000000000001	0.023825000000000002
15.8	0.024665000000000003
15.9	0.025750000000000006
16.0	0.026174999999999997
16.1	0.02575000000000009
16.2	0.025625
16.3	0.02544999999999991
16.400000000000002	0.025059999999999992
16.5	0.024485000000000003
16.6	0.023909999999999994
16.7	0.02339
16.8	0.022950000000000005
16.900000000000002	0.022449999999999998
17.0	0.022369999999999994
17.1	0.022409999999999996
17.2	0.022364999999999996
17.3	0.022085
17.400000000000002	0.021624999999999995
17.5	0.020950000000000003
17.6	0.020294999999999987
17.7	0.01914
17.8	0.01801500000000002
17.900000000000002	0.016849999999999997
18.0	0.01578500000000001
18.1	0.014469999999999983
18.2	0.013579999999999995
18.3	0.012505000000000011
18.400000000000002	0.011734999999999992
18.5	0.010765000000000007
18.6	0.009899999999999989
18.7	0.008995000000000001
18.8	0.008230000000000013
18.900000000000002	0.007329999999999994
19.0	0.0066200000000000035
19.1	0.005914999999999957
19.200000000000003	0.005189999999999996
19.3	0.004545000000000005
19.400000000000002	0.003999999999999994
19.5	0.0035299999999999997
19.6	0.0030350000000000073
19.700000000000003	0.0026049999999999984
19.8	0.002350000000000002
19.900000000000002	0.0020649999999999957
20.0	0.001829999999999999
20.1	0.0016800000000000014
20.200000000000003	0.0015849999999999992
20.3	0.0014500000000000012
20.400000000000002	0.0013449999999999988
20.5	0.0011850000000000012
20.6	0.001125000000000002
20.700000000000003	0.0010299999999999999
20.8	0.0009050000000000016
20.900000000000002	0.0007999999999999995
21.0	0.0008049999999999995
21.1	0.0007949999999999995
21.200000000000003	0.000769999999999999
21.3	0.0008049999999999984
21.400000000000002	0.000920000000000001
21.5	0.0010349999999999995
21.6	0.001129999999999998
21.700000000000003	0.0012350000000000002
21.8	0.0012849999999999995
21.900000000000002	0.001259999999999999
22.0	0.0012099999999999997
22.1	0.0012149999999999997
22.200000000000003	0.0012099999999999997
22.3	0.0012099999999999997
22.400000000000002	0.0012450000000000002
22.5	0.0013299999999999992
22.6	0.0012949999999999997
22.700000000000003	0.001264999999999999
22.8	0.0012899999999999986
22.900000000000002	0.0012999999999999986
23.0	0.0011850000000000005
23.1	0.0012349999999999998
23.200000000000003	0.0012600000000000003
23.3	0.001265
23.400000000000002	0.0011849999999999986
23.5	0.0012349999999999978
23.6	0.0012349999999999978
23.700000000000003	0.0013750000000000008
23.8	0.00143
23.900000000000002	0.0015450000000000025
24.0	0.0016800000000000005
24.1	0.0018199999999999987
24.200000000000003	0.0018549999999999994
24.3	0.0019349999999999981
24.400000000000002	0.00202
24.5	0.002025
24.6	0.002054999999999999
24.700000000000003	0.00207
24.8	0.0021099999999999995
24.900000000000002	0.0021299999999999995
25.0	0.002105
25.1	0.002025000000000001
25.200000000000003	0.0020450000000000017
25.3	0.0020650000000000013
25.400000000000002	0.002060000000000001
25.5	0.0021300000000000004
25.6	0.0022099999999999993
25.700000000000003	0.0021049999999999966
25.8	0.001994999999999998
25.900000000000002	0.001884999999999996
26.0	0.001749999999999998
26.1	0.001659999999999999
26.200000000000003	0.0016499999999999991
26.3	0.001629999999999999
26.400000000000002	0.0016249999999999993
26.5	0.0015600000000000002
26.6	0.0013800000000000028
26.700000000000003	0.001355000000000002
26.8	0.0012850000000000032
26.900000000000002	0.0012500000000000024
27.0	0.0012900000000000019
27.1	0.0013950000000000002
27.200000000000003	0.0013599999999999994
27.3	0.0012750000000000007
27.400000000000002	0.0012750000000000007
27.5	0.0012550000000000011
27.6	0.0011650000000000024
27.700000000000003	0.001195000000000003
27.8	0.001325000000000001
27.900000000000002	0.0013850000000000023
28.0	0.0014800000000000008
28.1	0.001609999999999999
28.200000000000003	0.0015899999999999987
28.3	0.001584999999999999
28.400000000000002	0.0016400000000000002
28.5	0.0016549999999999998
28.6	0.0017349999999999987
28.700000000000003	0.001835000000000001
28.8	0.0019399999999999995
28.900000000000002	0.001975
29.0	0.002044999999999999
29.1	0.0021699999999999975
29.200000000000003	0.002179999999999997
29.3	0.0023149999999999954
29.400000000000002	0.0025250000000000003
29.5	0.0026449999999999985
29.6	0.0026949999999999973
29.700000000000003	0.0028600000000000006
29.8	0.002994999999999999
29.900000000000002	0.002884999999999997
30.0	0.002864999999999997
30.1	0.0028849999999999974
30.200000000000003	0.0028349999999999964
30.3	0.002829999999999996
30.400000000000002	0.002979999999999999
30.5	0.003119999999999997
30.6	0.003199999999999996
30.700000000000003	0.003425
30.8	0.0034300000000000003
30.900000000000002	0.003440000000000001
31.0	0.003380000000000002
31.1	0.0032750000000000027
31.200000000000003	0.0031750000000000016
31.3	0.0031400000000000017
31.400000000000002	0.003065
31.5	0.0031049999999999997
31.6	0.003204999999999998
31.700000000000003	0.003335000000000001
31.8	0.0034699999999999987
31.900000000000002	0.0036200000000000026
32.0	0.003819999999999999
32.1	0.003954999999999998
32.2	0.00397999999999997
32.300000000000004	0.003970000000000024
32.4	0.004049999999999996
32.5	0.004074999999999997
32.6	0.004029999999999997
32.7	0.0039999999999999975
32.800000000000004	0.0040550000000000004
32.9	0.0039200000000000025
33.0	0.003930000000000002
33.1	0.003945000000000002
33.2	0.003955000000000002
33.300000000000004	0.00392
33.4	0.003954999999999999
33.5	0.003934999999999999
33.6	0.004029999999999999
33.7	0.004074999999999998
33.800000000000004	0.004074999999999999
33.9	0.004154999999999997
34.0	0.0039499999999999995
34.1	0.003840000000000002
34.2	0.003845000000000001
34.300000000000004	0.0036249999999999885
34.4	0.0036899999999999876
34.5	0.0036199999999999887
34.6	0.003479999999999991
34.7	0.003334999999999993
34.800000000000004	0.0035650000000000057
34.9	0.0034500000000000073
35.0	0.0035600000000000063
35.1	0.0035950000000000057
35.2	0.0035600000000000063
35.300000000000004	0.0034349999999999993
35.4	0.0033350000000000003
35.5	0.003195000000000002
35.6	0.0031200000000000034
35.7	0.0030450000000000047
35.800000000000004	0.002849999999999993
35.9	0.002674999999999996
36.0	0.002584999999999997
36.1	0.00241
36.2	0.0023150000000000007
36.300000000000004	0.0022149999999999956
36.4	0.0021999999999999954
36.5	0.0020399999999999975
36.6	0.001994999999999998
36.7	0.001865
36.800000000000004	0.001865
36.9	0.0017050000000000023
37.0	0.0017050000000000023
37.1	0.0017350000000000017
37.2	0.0016300000000000034
37.300000000000004	0.0014599999999999939
37.4	0.0014949999999999933
37.5	0.001439999999999994
37.6	0.0012749999999999964
37.7	0.0013399999999999955
37.800000000000004	0.0013849999999999982
37.9	0.0012549999999999998
38.0	0.00125
38.1	0.0013449999999999988
38.2	0.0013399999999999987
38.300000000000004	0.0013699999999999806
38.400000000000006	0.0014900000000000017
38.5	0.001525000000000001
38.6	0.0014550000000000019
38.7	0.0014300000000000022
38.800000000000004	0.0014150000000000026
38.900000000000006	0.0014450000000000044
39.0	0.0014300000000000046
39.1	0.0013950000000000052
39.2	0.001340000000000006
39.300000000000004	0.001315000000000006
39.400000000000006	0.0011599999999999974
39.5	0.0010549999999999989
39.6	0.000985
39.7	0.0009250000000000007
39.800000000000004	0.0008300000000000021
39.900000000000006	0.0007899999999999997
40.0	0.0008099999999999996
40.1	0.0008199999999999993
40.2	0.0008549999999999988
40.300000000000004	0.0009049999999999981
40.400000000000006	0.0009400000000000002
40.5	0.0009050000000000006
40.6	0.0009450000000000002
40.7	0.0008700000000000012
40.800000000000004	0.0008000000000000021
40.900000000000006	0.0007149999999999973
41.0	0.0006749999999999979
41.1	0.0005799999999999992
41.2	0.0005649999999999994
41.300000000000004	0.0005749999999999993
41.400000000000006	0.0006350000000000027
41.5	0.0006750000000000022
41.6	0.0007000000000000018
41.7	0.0007500000000000012
41.800000000000004	0.0007700000000000008
41.900000000000006	0.0007650000000000006
42.0	0.0008149999999999998
42.1	0.0008449999999999994
42.2	0.0008649999999999991
42.300000000000004	0.0009349999999999981
42.400000000000006	0.00097
42.5	0.0009500000000000005
42.6	0.00098
42.7	0.0010249999999999994
42.800000000000004	0.0010199999999999994
42.900000000000006	0.0010299999999999999
43.0	0.001089999999999999
43.1	0.001249999999999997
43.2	0.0013249999999999957
43.300000000000004	0.0014049999999999944
43.400000000000006	0.0015450000000000025
43.5	0.001660000000000001
43.6	0.001660000000000001
43.7	0.0017749999999999995
43.800000000000004	0.0018549999999999984
43.900000000000006	0.0019300000000000025
44.0	0.0020000000000000013
44.1	0.0020600000000000006
44.2	0.0020900000000000003
44.300000000000004	0.0021649999999999994
44.400000000000006	0.0021749999999999994
44.5	0.0022049999999999995
44.6	0.0021300000000000004
44.7	0.0021150000000000006
44.800000000000004	0.0021300000000000004
44.900000000000006	0.002195000000000004
45.0	0.002190000000000004
45.1	0.002310000000000002
45.2	0.0023800000000000015
45.300000000000004	0.0025449999999999995
45.400000000000006	0.0026750000000000064
45.5	0.0029000000000000033
45.6	0.0030850000000000005
45.7	0.0033199999999999974
45.800000000000004	0.0033249999999999972
45.900000000000006	0.003420000000000003
46.0	0.0034950000000000016
46.1	0.003649999999999999
46.2	0.0038249999999999964
46.300000000000004	0.003959999999999996
46.400000000000006	0.004034999999999999
46.5	0.004174999999999996
46.6	0.0043049999999999955
46.7	0.004244999999999997
46.800000000000004	0.004199999999999997
46.900000000000006	0.004305000000000002
47.0	0.004290000000000002
47.1	0.0041900000000000045
47.2	0.004240000000000003
47.300000000000004	0.004529999999999999
47.400000000000006	0.0045800000000000025
47.5	0.004765
47.6	0.004814999999999999
47.7	0.004949999999999998
47.800000000000004	0.004919999999999998
47.900000000000006	0.005060000000000006
48.0	0.005070000000000007
48.1	0.005415000000000001
48.2	0.005509999999999999
48.300000000000004	0.005634999999999997
48.400000000000006	0.005845000000000009
48.5	0.005905000000000009
48.6	0.005870000000000009
48.7	0.0059900000000000075
48.800000000000004	0.006205000000000005
48.900000000000006	0.006360000000000013
49.0	0.00660000000000001
49.1	0.006835000000000006
49.2	0.0072250000000000005
49.300000000000004	0.007444999999999998
49.400000000000006	0.00767500000000001
49.5	0.007830000000000009
49.6	0.008125000000000004
49.7	0.008305000000000002
49.800000000000004	0.008789999999999996
49.900000000000006	0.008935000000000004
50.0	0.009459999999999996
50.1	0.009764999999999992
50.2	0.010049999999999986
50.300000000000004	0.010239999999999983
50.400000000000006	0.010469999999999997
50.5	0.010494999999999996
50.6	0.010749999999999992
50.7	0.010864999999999994
50.800000000000004	0.010939999999999991
50.900000000000006	0.011245000000000008
51.0	0.011735
51.1	0.011949999999999999
51.2	0.012104999999999996
51.300000000000004	0.01248999999999999
51.400000000000006	0.012740000000000007
51.5	0.012740000000000007
51.6	0.012830000000000003
51.7	0.013169999999999998
51.800000000000004	0.013269999999999999
51.900000000000006	0.013264999999999996
52.0	0.013304999999999997
52.1	0.013379999999999994
52.2	0.01313
52.300000000000004	0.012870000000000003
52.400000000000006	0.012584999999999989
52.5	0.012684999999999984
52.6	0.012649999999999986
52.7	0.012884999999999983
52.800000000000004	0.013349999999999976
52.900000000000006	0.014010000000000012
53.0	0.014255000000000009
53.1	0.014835000000000001
53.2	0.015199999999999997
53.300000000000004	0.015349999999999994
53.400000000000006	0.015540000000000003
53.5	0.015665000000000005
53.6	0.015510000000000005
53.7	0.015510000000000005
53.800000000000004	0.015610000000000004
53.900000000000006	0.01568500000000001
54.0	0.015815000000000006
54.1	0.015985000000000006
54.2	0.016085000000000002
54.300000000000004	0.015980000000000005
54.400000000000006	0.015915
54.5	0.015934999999999998
54.6	0.015999999999999997
54.7	0.016224999999999996
54.800000000000004	0.01656499999999999
54.900000000000006	0.017135000000000022
55.0	0.017505000000000014
55.1	0.01794500000000001
55.2	0.018495000000000004
55.300000000000004	0.01875
55.400000000000006	0.018755
55.5	0.018735
55.6	0.018865
55.7	0.018640000000000004
55.800000000000004	0.018715000000000002
55.900000000000006	0.01902000000000002
56.0	0.019430000000000013
56.1	0.019595000000000008
56.2	0.02027
56.300000000000004	0.020559999999999995
56.400000000000006	0.02047999999999999
56.5	0.020199999999999996
56.6	0.01997
56.7	0.01925000000000001
56.800000000000004	0.01864500000000002
56.900000000000006	0.01816999999999999
57.0	0.017889999999999996
57.1	0.017939999999999994
57.2	0.017839999999999998
57.300000000000004	0.017904999999999997
57.400000000000006	0.017684999999999985
57.5	0.017479999999999985
57.6	0.017139999999999992
57.7	0.01693499999999999
57.800000000000004	0.016829999999999994
57.900000000000006	0.016804999999999994
58.0	0.016914999999999993
58.1	0.016829999999999994
58.2	0.01703499999999999
58.300000000000004	0.016929999999999994
58.400000000000006	0.017014999999999995
58.5	0.017064999999999993
58.6	0.017164999999999996
58.7	0.017154999999999993
58.800000000000004	0.017254999999999993
58.900000000000006	0.017435000000000003
59.0	0.017240000000000005
59.1	0.01696000000000001
59.2	0.01649000000000002
59.300000000000004	0.016120000000000023
59.400000000000006	0.015654999999999995
59.5	0.015200000000000002
59.6	0.01459500000000001
59.7	0.014480000000000012
59.800000000000004	0.014370000000000013
59.900000000000006	0.014119999999999999
60.0	0.014114999999999999
60.1	0.014544999999999992
60.2	0.014414999999999994
60.300000000000004	0.014564999999999995
60.400000000000006	0.014379999999999985
60.5	0.014409999999999982
60.6	0.014104999999999987
60.7	0.014129999999999986
60.800000000000004	0.013664999999999993
60.900000000000006	0.013494999999999984
61.0	0.013114999999999988
61.1	0.012874999999999992
61.2	0.012649999999999995
61.300000000000004	0.012419999999999999
61.400000000000006	0.012379999999999997
61.5	0.012509999999999993
61.6	0.012599999999999995
61.7	0.012439999999999996
61.800000000000004	0.012584999999999994
61.900000000000006	0.012709999999999999
62.0	0.01273
62.1	0.012375000000000006
62.2	0.012350000000000003
62.300000000000004	0.012090000000000009
62.400000000000006	0.011889999999999998
62.5	0.011460000000000003
62.6	0.011395000000000004
62.7	0.01099500000000001
62.800000000000004	0.010820000000000012
62.900000000000006	0.010514999999999997
63.0	0.010364999999999997
63.1	0.010075000000000002
63.2	0.009980000000000003
63.300000000000004	0.009635000000000008
63.400000000000006	0.009449999999999997
63.5	0.009295
63.6	0.009260000000000001
63.7	0.008940000000000005
63.800000000000004	0.008820000000000007
63.900000000000006	0.00853999999999999
64.0	0.008254999999999887
64.10000000000001	0.007970000000000001
64.2	0.00799000000000012
64.3	0.007945000000000006
64.4	0.007965000000000007
64.5	0.007835000000000019
64.60000000000001	0.0077550000000000145
64.7	0.007384999999999993
64.8	0.007035000000000023
64.9	0.00663
65.0	0.006495000000000012
65.10000000000001	0.006144999999999992
65.2	0.006049999999999986
65.3	0.005929999999999996
65.4	0.005784999999999988
65.5	0.005749999999999991
65.60000000000001	0.005864999999999997
65.7	0.005879999999999998
65.8	0.00586
65.9	0.005895000000000003
66.0	0.0058150000000000085
66.10000000000001	0.00566
66.2	0.005529999999999992
66.3	0.005415000000000001
66.4	0.005324999999999997
66.5	0.0052600000000000025
66.60000000000001	0.005250000000000003
66.7	0.0051349999999999955
66.8	0.005204999999999989
66.9	0.005094999999999983
67.0	0.0050849999999999845
67.10000000000001	0.005039999999999982
67.2	0.005084999999999984
67.3	0.005124999999999981
67.4	0.005314999999999992
67.5	0.0054049999999999845
67.60000000000001	0.005489999999999989
67.7	0.005669999999999999
67.8	0.005809999999999987
67.9	0.006004999999999998
68.0	0.006064999999999992
68.10000000000001	0.00619
68.2	0.006250000000000003
68.3	0.00629
68.4	0.006300000000000002
68.5	0.006384999999999993
68.60000000000001	0.006530000000000003
68.7	0.006570000000000004
68.8	0.006540000000000007
68.9	0.00660000000000001
69.0	0.006700000000000002
69.10000000000001	0.006649999999999999
69.2	0.006785000000000006
69.3	0.006855
69.4	0.006995000000000008
69.5	0.0072449999999999876
69.60000000000001	0.007344999999999993
69.7	0.007394999999999996
69.8	0.00768999999999997
69.9	0.007704999999999971
70.0	0.0076149999999999786
70.10000000000001	0.00780499999999999
70.2	0.007899999999999994
70.3	0.007835
70.4	0.00781
70.5	0.007849999999999996
70.60000000000001	0.007834999999999995
70.7	0.007849999999999996
70.8	0.008004999999999983
70.9	0.008254999999999997
71.0	0.008329999999999992
71.10000000000001	0.008520000000000002
71.2	0.009075000000000033
71.3	0.009270000000000018
71.4	0.009655000000000039
71.5	0.00986000000000002
71.60000000000001	0.009990000000000028
71.7	0.009925000000000026
71.8	0.010115000000000008
71.9	0.01035000000000002
72.0	0.010904999999999974
72.10000000000001	0.011324999999999998
72.2	0.011675000000000019
72.3	0.011840000000000003
72.4	0.011865000000000006
72.5	0.011740000000000016
72.60000000000001	0.011740000000000016
72.7	0.011915000000000026
72.8	0.012120000000000008
72.9	0.012290000000000018
73.0	0.012430000000000005
73.10000000000001	0.012520000000000012
73.2	0.012400000000000005
73.3	0.01256999999999999
73.4	0.012474999999999984
73.5	0.012574999999999975
73.60000000000001	0.012884999999999994
73.7	0.013005
73.8	0.013149999999999986
73.9	0.01354000000000001
74.0	0.014149999999999958
74.10000000000001	0.014309999999999967
74.2	0.014659999999999987
74.3	0.014944999999999964
74.4	0.015194999999999978
74.5	0.015434999999999957
74.60000000000001	0.015814999999999975
74.7	0.01601499999999999
74.8	0.01625999999999997
74.9	0.016684999999999995
75.0	0.016774999999999988
75.10000000000001	0.01703
75.2	0.01752500000000003
75.3	0.01771000000000001
75.4	0.01799500000000003
75.5	0.018389999999999997
75.60000000000001	0.01881500000000002
75.7	0.01925000000000004
75.8	0.019560000000000015
75.9	0.01996000000000004
76.0	0.02011500000000003
76.10000000000001	0.020270000000000038
76.2	0.020465000000000046
76.3	0.021184999999999985
76.4	0.021399999999999995
76.5	0.021629999999999976
76.60000000000001	0.022019999999999998
76.7	0.02237499999999936
76.80000000000001	0.022530000000000015
76.9	0.022730000000000028
77.0	0.023764999999999942
77.10000000000001	0.02447499999999998
77.2	0.025059999999999926
77.30000000000001	0.02544499999999995
77.4	0.026255
77.5	0.026060000000000017
77.60000000000001	0.02592000000000001
77.7	0.026249999999999978
77.80000000000001	0.02649499999999999
77.9	0.026264999999999976
78.0	0.026784999999999937
78.10000000000001	0.027009999999999944
78.2	0.02704499999999994
78.30000000000001	0.027354999999999963
78.4	0.027884999999999993
78.5	0.028089999999999976
78.60000000000001	0.028885000000000022
78.7	0.02946499999999997
78.80000000000001	0.03029000000000002
78.9	0.03084500000000005
79.0	0.03122500000000002
79.10000000000001	0.03173500000000005
79.2	0.03193500000000003
79.30000000000001	0.03178500000000002
79.4	0.03211500000000004
79.5	0.03270999999999999
79.60000000000001	0.03302500000000001
79.7	0.033834999999999935
79.80000000000001	0.03477999999999999
79.9	0.035955000000000056
80.0	0.03697999999999997
80.10000000000001	0.03769500000000001
80.2	0.038594999999999935
80.30000000000001	0.039259999999999975
80.4	0.040035000000000015
80.5	0.040205000000000005
80.60000000000001	0.04100500000000005
80.7	0.04102500000000005
80.80000000000001	0.0419650000000001
80.9	0.04227000000000012
81.0	0.04298500000000006
81.10000000000001	0.04303500000000006
81.2	0.04346500000000002
81.30000000000001	0.04354500000000003
81.4	0.04358000000000003
81.5	0.04453499999999995
81.60000000000001	0.04491499999999997
81.7	0.04563499999999991
81.80000000000001	0.045719999999999913
81.9	0.04600499999999993
82.0	0.04540999999999998
82.10000000000001	0.04602000000000002
82.2	0.04606000000000001
82.30000000000001	0.046460000000000036
82.4	0.04665000000000004
82.5	0.047195
82.60000000000001	0.04723
82.7	0.04740999999999999
82.80000000000001	0.04719999999999997
82.9	0.04738499999999998
83.0	0.047434999999999984
83.10000000000001	0.047725
83.2	0.04787999999999998
83.30000000000001	0.04790499999999998
83.4	0.04755499999999996
83.5	0.04684500000000002
83.60000000000001	0.046334999999999994
83.7	0.045915000000000025
83.80000000000001	0.045450000000000004
83.9	0.04549000000000001
84.0	0.045555
84.10000000000001	0.04519499999999998
84.2	0.04506999999999999
84.30000000000001	0.045525000000000024
84.4	0.04590000000000004
84.5	0.04587500000000004
84.60000000000001	0.045455000000000016
84.7	0.04482000000000007
84.80000000000001	0.044205000000000036
84.9	0.042994999999999964
85.0	0.04215500000000004
85.10000000000001	0.04180500000000002
85.2	0.04112500000000008
85.30000000000001	0.040410000000000036
85.4	0.03995500000000001
85.5	0.039495000000000044
85.60000000000001	0.03922500000000003
85.7	0.03924000000000003
85.80000000000001	0.03869
85.9	0.03832999999999998
86.0	0.03790500000000002
86.10000000000001	0.037485
86.2	0.03671500000000007
86.30000000000001	0.03658500000000005
86.4	0.03619500000000003
86.5	0.03620000000000003
86.60000000000001	0.035535
86.7	0.035535
86.80000000000001	0.034804999999999954
86.9	0.033814999999999894
87.0	0.03328499999999994
87.10000000000001	0.03272999999999991
87.2	0.03180999999999999
87.30000000000001	0.03127999999999996
87.4	0.031064999999999943
87.5	0.029755000000000052
87.60000000000001	0.028900000000000002
87.7	0.028030000000000083
87.80000000000001	0.02752500000000005
87.9	0.02612999999999997
88.0	0.02557000000000002
88.10000000000001	0.02483999999999998
88.2	0.024180000000000035
88.30000000000001	0.022944999999999962
88.4	0.02249499999999994
88.5	0.02153500000000002
88.60000000000001	0.02062499999999997
88.7	0.020035000000000018
88.80000000000001	0.01953999999999999
88.9	0.019079999999999965
89.0	0.018630000000000004
89.10000000000001	0.01824499999999998
89.2	0.017490000000000044
89.30000000000001	0.016875000000000008
89.4	0.01631499999999998
89.5	0.015740000000000025
89.60000000000001	0.015350000000000006
89.7	0.014975000000000039
89.80000000000001	0.014335
89.9	0.013594999999999958
90.0	0.012935000000000012
90.10000000000001	0.012104999999999968
90.2	0.011120000000000052
90.30000000000001	0.010445000000000013
90.4	0.009714999999999972
90.5	0.008990000000000034
90.60000000000001	0.008365000000000001
90.7	0.007840000000000043
90.80000000000001	0.007480000000000023
90.9	0.00708
91.0	0.006825000000000021
91.10000000000001	0.006324999999999993
91.2	0.00601500000000002
91.30000000000001	0.005544999999999993
91.4	0.005159999999999972
91.5	0.0046700000000000135
91.60000000000001	0.004319999999999993
91.7	0.003915000000000028
91.80000000000001	0.0035550000000000074
91.9	0.003159999999999985
92.0	0.0029100000000000063
92.10000000000001	0.0027049999999999947
92.2	0.002600000000000004
92.30000000000001	0.0023599999999999897
92.4	0.0022249999999999826
92.5	0.002029999999999999
92.60000000000001	0.0018849999999999908
92.7	0.0017100000000000056
92.80000000000001	0.001645000000000002
92.9	0.0015699999999999974
93.0	0.0015400000000000001
93.10000000000001	0.0014749999999999965
93.2	0.0013800000000000045
93.30000000000001	0.0013150000000000006
93.4	0.0012199999999999954
93.5	0.001145000000000002
93.60000000000001	0.0009949999999999933
93.7	0.0009100000000000005
93.80000000000001	0.000829999999999996
93.9	0.0007749999999999929
94.0	0.0006200000000000062
94.10000000000001	0.0005700000000000032
94.2	0.0004950000000000096
94.30000000000001	0.00038500000000000345
94.4	0.0003099999999999992
94.5	0.0002800000000000017
94.60000000000001	0.00022999999999999887
94.7	0.00019500000000000187
94.80000000000001	0.00020000000000000212
94.9	0.000215000000000003
95.0	0.0002549999999999996
95.10000000000001	0.000280000000000001
95.2	0.0002850000000000006
95.30000000000001	0.0002800000000000003
95.4	0.0002599999999999991
95.5	0.00021000000000000342
95.60000000000001	0.00016500000000000087
95.7	0.0001600000000000013
95.80000000000001	0.00013499999999999987
95.9	0.00011499999999999872
96.0	0.0001
96.10000000000001	8.999999999999944e-05
96.2	5.500000000000242e-05
96.30000000000001	3.0000000000000993e-05
96.4	1.5000000000000143e-05
96.5	1.0000000000000568e-05
96.60000000000001	0.0
96.7	0.0
96.80000000000001	0.0
96.9	0.0
97.0	0.0
97.10000000000001	0.0
97.2	0.0
97.30000000000001	0.0
97.4	0.0
97.5	0.0
97.60000000000001	0.0
97.7	0.0
97.80000000000001	0.0
97.9	0.0
98.0	0.0
98.10000000000001	0.0
98.2	0.0
98.30000000000001	0.0
98.4	0.0
98.5	0.0
98.60000000000001	0.0
98.7	0.0
98.80000000000001	0.0
98.9	0.0
99.0	0.0
99.10000000000001	0.0
99.2	0.0
99.30000000000001	0.0
99.4	0.0
99.5	0.0
99.60000000000001	0.0
99.7	0.0
99.80000000000001	0.0
99.9	0.0
