1.225 0
1.275 0
1.325 0
1.375 0
1.425 0
1.475 0
1.525 0
1.575 0
1.625 0
1.675 0
1.725 0
1.775 0
1.825 0
1.875 0
1.925 0
1.975 0
2.025 0
2.075 0
2.125 0
2.175 0
2.225 0
2.275 0
2.325 0
2.375 0
2.425 0
2.475 0
2.525 0
2.575 0
2.625 0
2.675 0
2.725 0
2.775 0
2.825 0
2.875 0
2.925 0
2.975 0
3.025 0
3.075 0
3.125 0
3.175 0
3.225 0
3.275 0
3.325 0
3.375 0
3.425 0
3.475 0
3.525 0
3.575 0
3.625 0
3.675 0
3.725 0
3.775 0
3.825 0
3.875 0
3.925 0
3.975 0
4.025 0
4.075 0
4.125 0
4.175 0
4.225 0
4.275 0
4.325 4e-06
4.375 4e-06
4.425 4e-06
4.475 6e-06
4.525 6e-06
4.575 6e-06
4.625 8e-06
4.675 8e-06
4.725 1.2e-05
4.775 1.2e-05
4.825 1.2e-05
4.875 2.2e-05
4.925 3.2e-05
4.975 3.4e-05
5.025 3.8e-05
5.075 3.8e-05
5.125 4.2e-05
5.175 4.4e-05
5.225 4.8e-05
5.275 5.2e-05
5.325 6e-05
5.375 6.4e-05
5.425 6.6e-05
5.475 6.8e-05
5.525 7.2e-05
5.575 7.4e-05
5.625 7.8e-05
5.675 8e-05
5.725 8e-05
5.775 8.2e-05
5.825 9e-05
5.875 9.2e-05
5.925 9.2e-05
5.975 9.2e-05
6.025 9.8e-05
6.075 0.000102
6.125 0.000108
6.175 0.000114
6.225 0.000124
6.275 0.000128
6.325 0.000128
6.375 0.000134
6.425 0.000136
6.475 0.00014
6.525 0.000142
6.575 0.000142
6.625 0.000144
6.675 0.000148
6.725 0.00015
6.775 0.000152
6.825 0.000156
6.875 0.000158
6.925 0.000162
6.975 0.000162
7.025 0.000164
7.075 0.000166
7.125 0.000172
7.175 0.000172
7.225 0.00017
7.275 0.00017
7.325 0.000178
7.375 0.000172
7.425 0.000164
7.475 0.000164
7.525 0.000164
7.575 0.00017
7.625 0.000168
7.675 0.000172
7.725 0.000174
7.775 0.00018
7.825 0.000176
7.875 0.00018
7.925 0.000182
7.975 0.00019
8.025 0.0002
8.075 0.000202
8.125 0.000212
8.175 0.00022
8.225 0.00023
8.275 0.000236
8.325 0.000236
8.375 0.00024
8.425 0.000244
8.475 0.000254
8.525 0.000254
8.575 0.000256
8.625 0.000258
8.675 0.00026
8.725 0.00025
8.775 0.000252
8.825 0.000252
8.875 0.000252
8.925 0.00025
8.975 0.000248
9.025 0.000246
9.075 0.00025
9.125 0.000248
9.175 0.000246
9.225 0.000248
9.275 0.00025
9.325 0.000244
9.375 0.000244
9.425 0.00024
9.475 0.000242
9.525 0.00024
9.575 0.00024
9.625 0.000234
9.675 0.000238
9.725 0.00024
9.775 0.000242
9.825 0.000236
9.875 0.000238
9.925 0.000238
9.975 0.00024
10.025 0.000244
10.075 0.000242
10.125 0.00025
10.175 0.000252
10.225 0.000252
10.275 0.000244
10.325 0.000246
10.375 0.000242
10.425 0.000244
10.475 0.000236
10.525 0.000224
10.575 0.000224
10.625 0.000216
10.675 0.000218
10.725 0.000214
10.775 0.000212
10.825 0.00021
10.875 0.000218
10.925 0.000222
10.975 0.000214
11.025 0.000212
11.075 0.000208
11.125 0.000208
11.175 0.000214
11.225 0.000222
11.275 0.00022
11.325 0.00023
11.375 0.000236
11.425 0.000258
11.475 0.000264
11.525 0.000278
11.575 0.000288
11.625 0.000312
11.675 0.000322
11.725 0.000334
11.775 0.000356
11.825 0.000378
11.875 0.000388
11.925 0.000406
11.975 0.000424
12.025 0.000448
12.075 0.000466
12.125 0.000482
12.175 0.000502
12.225 0.00052
12.275 0.000544
12.325 0.000574
12.375 0.000588
12.425 0.000612
12.475 0.000642
12.525 0.000656
12.575 0.00068
12.625 0.000706
12.675 0.000726
12.725 0.000754
12.775 0.000772
12.825 0.000804
12.875 0.000828
12.925 0.000846
12.975 0.000886
13.025 0.000912
13.075 0.000944
13.125 0.000968
13.175 0.00099
13.225 0.001016
13.275 0.00105
13.325 0.001074
13.375 0.001092
13.425 0.001124
13.475 0.001174
13.525 0.001212
13.575 0.00124
13.625 0.00126
13.675 0.00128
13.725 0.001334
13.775 0.001372
13.825 0.001404
13.875 0.001438
13.925 0.001466
13.975 0.001494
14.025 0.001538
14.075 0.001596
14.125 0.00163
14.175 0.001674
14.225 0.001702
14.275 0.001726
14.325 0.001756
14.375 0.001792
14.425 0.001838
14.475 0.001868
14.525 0.001892
14.575 0.001948
14.625 0.00198
14.675 0.002016
14.725 0.002064
14.775 0.002116
14.825 0.002174
14.875 0.00224
14.925 0.00229
14.975 0.002356
15.025 0.002432
15.075 0.00249
15.125 0.002544
15.175 0.002576
15.225 0.002656
15.275 0.002724
15.325 0.002774
15.375 0.00286
15.425 0.00297
15.475 0.003042
15.525 0.003132
15.575 0.0032
15.625 0.003306
15.675 0.003386
15.725 0.00346
15.775 0.003548
15.825 0.003654
15.875 0.003746
15.925 0.003854
15.975 0.003906
16.025 0.004006
16.075 0.004132
16.125 0.00424
16.175 0.004338
16.225 0.004406
16.275 0.004476
16.325 0.004538
16.375 0.004618
16.425 0.00468
16.475 0.004746
16.525 0.004778
16.575 0.004836
16.625 0.004878
16.675 0.004912
16.725 0.004988
16.775 0.005056
16.825 0.005094
16.875 0.005138
16.925 0.005156
16.975 0.005216
17.025 0.005278
17.075 0.005278
17.125 0.005336
17.175 0.005356
17.225 0.005384
17.275 0.005412
17.325 0.005388
17.375 0.005376
17.425 0.005402
17.475 0.00538
17.525 0.005366
17.575 0.005372
17.625 0.005358
17.675 0.005356
17.725 0.005298
17.775 0.00527
17.825 0.005238
17.875 0.005186
17.925 0.005104
17.975 0.005036
18.025 0.004968
18.075 0.004898
18.125 0.004814
18.175 0.004752
18.225 0.00468
18.275 0.004596
18.325 0.004488
18.375 0.004394
18.425 0.004272
18.475 0.004198
18.525 0.00409
18.575 0.003956
18.625 0.003838
18.675 0.003726
18.725 0.00361
18.775 0.00352
18.825 0.003426
18.875 0.003318
18.925 0.003228
18.975 0.003144
19.025 0.003076
19.075 0.002962
19.125 0.002876
19.175 0.002814
19.225 0.002704
19.275 0.002598
19.325 0.002526
19.375 0.00245
19.425 0.002382
19.475 0.00229
19.525 0.002196
19.575 0.002148
19.625 0.002064
19.675 0.00199
19.725 0.001904
19.775 0.001824
19.825 0.001776
19.875 0.001718
19.925 0.001628
19.975 0.001568
20.025 0.001494
20.075 0.001428
20.125 0.001364
20.175 0.00134
20.225 0.001296
20.275 0.001252
20.325 0.001218
20.375 0.001176
20.425 0.001164
20.475 0.001132
20.525 0.001104
20.575 0.001096
20.625 0.00107
20.675 0.001048
20.725 0.001038
20.775 0.001022
20.825 0.001006
20.875 0.001004
20.925 0.001022
20.975 0.001028
21.025 0.001016
21.075 0.001014
21.125 0.001016
21.175 0.001026
21.225 0.001054
21.275 0.001072
21.325 0.001098
21.375 0.001118
21.425 0.00113
21.475 0.00114
21.525 0.001142
21.575 0.00116
21.625 0.001184
21.675 0.00119
21.725 0.001212
21.775 0.001222
21.825 0.001236
21.875 0.001252
21.925 0.00126
21.975 0.001272
22.025 0.001294
22.075 0.001294
22.125 0.001304
22.175 0.001322
22.225 0.001344
22.275 0.001346
22.325 0.001344
22.375 0.001348
22.425 0.00138
22.475 0.001378
22.525 0.001392
22.575 0.001396
22.625 0.001402
22.675 0.001388
22.725 0.001412
22.775 0.001436
22.825 0.001438
22.875 0.00144
22.925 0.00143
22.975 0.00146
23.025 0.001452
23.075 0.001454
23.125 0.00145
23.175 0.001442
23.225 0.001446
23.275 0.001442
23.325 0.00146
23.375 0.00146
23.425 0.001458
23.475 0.001452
23.525 0.00147
23.575 0.001498
23.625 0.001504
23.675 0.001526
23.725 0.00152
23.775 0.001538
23.825 0.001546
23.875 0.001544
23.925 0.00155
23.975 0.001562
24.025 0.001572
24.075 0.001584
24.125 0.001582
24.175 0.001582
24.225 0.001596
24.275 0.001618
24.325 0.00164
24.375 0.001666
24.425 0.001696
24.475 0.001712
24.525 0.001722
24.575 0.00177
24.625 0.00178
24.675 0.001802
24.725 0.001824
24.775 0.00183
24.825 0.00186
24.875 0.001882
24.925 0.00189
24.975 0.001922
25.025 0.001934
25.075 0.001942
25.125 0.001966
25.175 0.00199
25.225 0.001992
25.275 0.00199
25.325 0.002018
25.375 0.002058
25.425 0.00208
25.475 0.002092
25.525 0.002132
25.575 0.00218
25.625 0.002244
25.675 0.002286
25.725 0.002332
25.775 0.002364
25.825 0.002416
25.875 0.002446
25.925 0.002488
25.975 0.002516
26.025 0.002574
26.075 0.002616
26.125 0.002666
26.175 0.00269
26.225 0.002714
26.275 0.002714
26.325 0.002742
26.375 0.00277
26.425 0.002786
26.475 0.00281
26.525 0.002828
26.575 0.002816
26.625 0.002812
26.675 0.002824
26.725 0.002838
26.775 0.002846
26.825 0.002846
26.875 0.002836
26.925 0.002838
26.975 0.002834
27.025 0.00283
27.075 0.002784
27.125 0.002772
27.175 0.002768
27.225 0.002758
27.275 0.002756
27.325 0.00275
27.375 0.002742
27.425 0.002728
27.475 0.002694
27.525 0.002682
27.575 0.002662
27.625 0.002638
27.675 0.00262
27.725 0.00261
27.775 0.00259
27.825 0.002576
27.875 0.002554
27.925 0.002532
27.975 0.002516
28.025 0.002492
28.075 0.00245
28.125 0.002394
28.175 0.002374
28.225 0.002342
28.275 0.002322
28.325 0.002286
28.375 0.002286
28.425 0.00224
28.475 0.002226
28.525 0.002168
28.575 0.002112
28.625 0.00206
28.675 0.002022
28.725 0.002006
28.775 0.001984
28.825 0.001978
28.875 0.00197
28.925 0.00195
28.975 0.001924
29.025 0.001894
29.075 0.001892
29.125 0.00189
29.175 0.001906
29.225 0.001906
29.275 0.001906
29.325 0.00191
29.375 0.001926
29.425 0.001928
29.475 0.001942
29.525 0.001964
29.575 0.00199
29.625 0.002008
29.675 0.002024
29.725 0.002036
29.775 0.002064
29.825 0.002062
29.875 0.002084
29.925 0.002098
29.975 0.002136
30.025 0.002154
30.075 0.002202
30.125 0.002232
30.175 0.002264
30.225 0.00228
30.275 0.002316
30.325 0.002342
30.375 0.002348
30.425 0.002364
30.475 0.002372
30.525 0.002384
30.575 0.002394
30.625 0.002398
30.675 0.002384
30.725 0.002382
30.775 0.002372
30.825 0.002342
30.875 0.002306
30.925 0.002298
30.975 0.00228
31.025 0.00228
31.075 0.00227
31.125 0.00227
31.175 0.002264
31.225 0.002232
31.275 0.002216
31.325 0.002182
31.375 0.002146
31.425 0.002132
31.475 0.002122
31.525 0.002136
31.575 0.00215
31.625 0.002164
31.675 0.002148
31.725 0.00213
31.775 0.002128
31.825 0.002104
31.875 0.002084
31.925 0.002048
31.975 0.002032
32.025 0.002002
32.075 0.001998
32.125 0.001994
32.175 0.001982
32.225 0.001984
32.275 0.001968
32.325 0.001978
32.375 0.001956
32.425 0.001964
32.475 0.00196
32.525 0.001966
32.575 0.001938
32.625 0.001934
32.675 0.001926
32.725 0.00194
32.775 0.0019
32.825 0.001882
32.875 0.001884
32.925 0.001868
32.975 0.001858
33.025 0.00185
33.075 0.001844
33.125 0.001854
33.175 0.001872
33.225 0.001876
33.275 0.001884
33.325 0.00192
33.375 0.001948
33.425 0.001966
33.475 0.001994
33.525 0.001996
33.575 0.002008
33.625 0.002038
33.675 0.002046
33.725 0.002088
33.775 0.002118
33.825 0.002126
33.875 0.002158
33.925 0.002182
33.975 0.002198
34.025 0.002196
34.075 0.002204
34.125 0.002212
34.175 0.002228
34.225 0.002236
34.275 0.002252
34.325 0.002294
34.375 0.002288
34.425 0.002316
34.475 0.002324
34.525 0.002332
34.575 0.002336
34.625 0.002332
34.675 0.00234
34.725 0.002328
34.775 0.002348
34.825 0.002348
34.875 0.002358
34.925 0.00233
34.975 0.002324
35.025 0.002306
35.075 0.002302
35.125 0.002302
35.175 0.002292
35.225 0.00227
35.275 0.002292
35.325 0.002272
35.375 0.002266
35.425 0.002248
35.475 0.002238
35.525 0.002236
35.575 0.002222
35.625 0.002226
35.675 0.002204
35.725 0.002194
35.775 0.002188
35.825 0.00217
35.875 0.002156
35.925 0.00215
35.975 0.002138
36.025 0.002142
36.075 0.002136
36.125 0.00212
36.175 0.00212
36.225 0.002112
36.275 0.002092
36.325 0.002086
36.375 0.00207
36.425 0.002054
36.475 0.002046
36.525 0.002048
36.575 0.00202
36.625 0.002
36.675 0.00198
36.725 0.001968
36.775 0.001936
36.825 0.001902
36.875 0.001904
36.925 0.001908
36.975 0.001916
37.025 0.001916
37.075 0.001906
37.125 0.001894
37.175 0.001868
37.225 0.001862
37.275 0.001834
37.325 0.001822
37.375 0.001804
37.425 0.00178
37.475 0.001766
37.525 0.001766
37.575 0.001748
37.625 0.001728
37.675 0.001714
37.725 0.001696
37.775 0.001674
37.825 0.001684
37.875 0.00167
37.925 0.001684
37.975 0.001686
38.025 0.001692
38.075 0.001708
38.125 0.00171
38.175 0.001714
38.225 0.00171
38.275 0.00172
38.325 0.001722
38.375 0.00172
38.425 0.001728
38.475 0.001744
38.525 0.001728
38.575 0.001754
38.625 0.00176
38.675 0.001752
38.725 0.001752
38.775 0.001754
38.825 0.001776
38.875 0.001792
38.925 0.001824
38.975 0.001846
39.025 0.00184
39.075 0.00185
39.125 0.001852
39.175 0.001834
39.225 0.00184
39.275 0.001844
39.325 0.00184
39.375 0.001848
39.425 0.001838
39.475 0.001804
39.525 0.001802
39.575 0.001804
39.625 0.001814
39.675 0.001836
39.725 0.001842
39.775 0.001862
39.825 0.001866
39.875 0.001884
39.925 0.001916
39.975 0.001916
40.025 0.00192
40.075 0.00196
40.125 0.001978
40.175 0.002028
40.225 0.002066
40.275 0.002134
40.325 0.002168
40.375 0.002216
40.425 0.002234
40.475 0.002268
40.525 0.002298
40.575 0.002326
40.625 0.002334
40.675 0.002362
40.725 0.002394
40.775 0.002418
40.825 0.002444
40.875 0.002478
40.925 0.002478
40.975 0.002484
41.025 0.0025
41.075 0.002482
41.125 0.002516
41.175 0.002534
41.225 0.002552
41.275 0.002562
41.325 0.002562
41.375 0.002558
41.425 0.002538
41.475 0.00251
41.525 0.00253
41.575 0.00255
41.625 0.002564
41.675 0.002586
41.725 0.002592
41.775 0.00258
41.825 0.00258
41.875 0.00257
41.925 0.00256
41.975 0.00258
42.025 0.002582
42.075 0.002584
42.125 0.002602
42.175 0.002584
42.225 0.002572
42.275 0.002546
42.325 0.00256
42.375 0.002562
42.425 0.00257
42.475 0.002572
42.525 0.002578
42.575 0.002572
42.625 0.002582
42.675 0.002568
42.725 0.002568
42.775 0.002564
42.825 0.002562
42.875 0.002546
42.925 0.002574
42.975 0.002568
43.025 0.00256
43.075 0.002568
43.125 0.00261
43.175 0.002612
43.225 0.002578
43.275 0.002576
43.325 0.002592
43.375 0.002584
43.425 0.002594
43.475 0.002594
43.525 0.00261
43.575 0.002632
43.625 0.002624
43.675 0.002628
43.725 0.00263
43.775 0.002656
43.825 0.002666
43.875 0.002676
43.925 0.002688
43.975 0.002716
44.025 0.002744
44.075 0.00277
44.125 0.002786
44.175 0.002812
44.225 0.002826
44.275 0.002856
44.325 0.002882
44.375 0.002906
44.425 0.002946
44.475 0.002978
44.525 0.002992
44.575 0.002996
44.625 0.003014
44.675 0.003038
44.725 0.003056
44.775 0.003112
44.825 0.00311
44.875 0.003152
44.925 0.003166
44.975 0.00322
45.025 0.00324
45.075 0.00325
45.125 0.003246
45.175 0.003266
45.225 0.00327
45.275 0.003258
45.325 0.003254
45.375 0.003262
45.425 0.00326
45.475 0.003286
45.525 0.003284
45.575 0.00327
45.625 0.003232
45.675 0.003224
45.725 0.003256
45.775 0.003276
45.825 0.003262
45.875 0.003292
45.925 0.003302
45.975 0.003304
46.025 0.003318
46.075 0.003304
46.125 0.003314
46.175 0.003342
46.225 0.003356
46.275 0.003388
46.325 0.003406
46.375 0.003432
46.425 0.003456
46.475 0.0035
46.525 0.003502
46.575 0.003544
46.625 0.003574
46.675 0.00361
46.725 0.003636
46.775 0.003676
46.825 0.003726
46.875 0.003768
46.925 0.003774
46.975 0.00384
47.025 0.003898
47.075 0.00395
47.125 0.003982
47.175 0.004032
47.225 0.004092
47.275 0.004142
47.325 0.004188
47.375 0.004192
47.425 0.004234
47.475 0.004274
47.525 0.00433
47.575 0.004396
47.625 0.00444
47.675 0.004462
47.725 0.004508
47.775 0.004544
47.825 0.004534
47.875 0.004532
47.925 0.004542
47.975 0.00455
48.025 0.00458
48.075 0.004618
48.125 0.004672
48.175 0.004708
48.225 0.004742
48.275 0.004736
48.325 0.004764
48.375 0.004788
48.425 0.0048
48.475 0.004822
48.525 0.004862
48.575 0.004944
48.625 0.004958
48.675 0.004972
48.725 0.00501
48.775 0.005024
48.825 0.00506
48.875 0.005086
48.925 0.005106
48.975 0.005096
49.025 0.005128
49.075 0.005088
49.125 0.005066
49.175 0.005068
49.225 0.005092
49.275 0.005124
49.325 0.005096
49.375 0.005088
49.425 0.00512
49.475 0.005092
49.525 0.005088
49.575 0.005092
49.625 0.005082
49.675 0.00506
49.725 0.005048
49.775 0.00501
49.825 0.005044
49.875 0.005066
49.925 0.005074
49.975 0.005058
50.025 0.005068
50.075 0.00503
50.125 0.005044
50.175 0.005076
50.225 0.005074
50.275 0.00506
50.325 0.00512
50.375 0.005166
50.425 0.005186
50.475 0.005178
50.525 0.005182
50.575 0.005186
50.625 0.005164
50.675 0.005166
50.725 0.005168
50.775 0.005186
50.825 0.005168
50.875 0.005136
50.925 0.005174
50.975 0.005178
51.025 0.005162
51.075 0.005124
51.125 0.005114
51.175 0.005118
51.225 0.005102
51.275 0.005072
51.325 0.005054
51.375 0.00505
51.425 0.005064
51.475 0.005082
51.525 0.005064
51.575 0.005062
51.625 0.005084
51.675 0.005092
51.725 0.005082
51.775 0.005044
51.825 0.00505
51.875 0.005032
51.925 0.00502
51.975 0.005016
52.025 0.005034
52.075 0.005046
52.125 0.005062
52.175 0.005066
52.225 0.005044
52.275 0.005026
52.325 0.004968
52.375 0.004966
52.425 0.004944
52.475 0.004928
52.525 0.004896
52.575 0.0049
52.625 0.004872
52.675 0.004818
52.725 0.004796
52.775 0.004778
52.825 0.004722
52.875 0.004708
52.925 0.00468
52.975 0.004708
53.025 0.00473
53.075 0.004712
53.125 0.00473
53.175 0.00474
53.225 0.004724
53.275 0.004742
53.325 0.004768
53.375 0.004766
53.425 0.004742
53.475 0.00475
53.525 0.004744
53.575 0.00472
53.625 0.004696
53.675 0.004682
53.725 0.004662
53.775 0.004648
53.825 0.004636
53.875 0.004614
53.925 0.00456
53.975 0.00454
54.025 0.004514
54.075 0.004518
54.125 0.004494
54.175 0.004444
54.225 0.004412
54.275 0.004384
54.325 0.00434
54.375 0.004302
54.425 0.004242
54.475 0.004184
54.525 0.004106
54.575 0.00406
54.625 0.004012
54.675 0.00399
54.725 0.003976
54.775 0.003968
54.825 0.003986
54.875 0.003948
54.925 0.003934
54.975 0.003898
55.025 0.003866
55.075 0.003834
55.125 0.003848
55.175 0.003826
55.225 0.003802
55.275 0.0038
55.325 0.003818
55.375 0.003796
55.425 0.003794
55.475 0.003764
55.525 0.00371
55.575 0.003688
55.625 0.003644
55.675 0.00362
55.725 0.00362
55.775 0.003588
55.825 0.00355
55.875 0.003544
55.925 0.003512
55.975 0.003494
56.025 0.003468
56.075 0.003462
56.125 0.003486
56.175 0.00347
56.225 0.003454
56.275 0.003464
56.325 0.003454
56.375 0.003446
56.425 0.00346
56.475 0.003454
56.525 0.003462
56.575 0.003454
56.625 0.003464
56.675 0.003484
56.725 0.00348
56.775 0.003488
56.825 0.003506
56.875 0.003566
56.925 0.00359
56.975 0.003624
57.025 0.003646
57.075 0.003664
57.125 0.003696
57.175 0.003712
57.225 0.003722
57.275 0.003742
57.325 0.003734
57.375 0.003766
57.425 0.003766
57.475 0.00382
57.525 0.003836
57.575 0.003864
57.625 0.003868
57.675 0.00389
57.725 0.003906
57.775 0.003926
57.825 0.003914
57.875 0.00391
57.925 0.00393
57.975 0.003924
58.025 0.00394
58.075 0.003984
58.125 0.003994
58.175 0.004032
58.225 0.004056
58.275 0.004064
58.325 0.004108
58.375 0.004146
58.425 0.004206
58.475 0.004216
58.525 0.004258
58.575 0.004298
58.625 0.004338
58.675 0.004422
58.725 0.004536
58.775 0.0046
58.825 0.004648
58.875 0.004702
58.925 0.004748
58.975 0.004808
59.025 0.004892
59.075 0.004954
59.125 0.00503
59.175 0.005082
59.225 0.00515
59.275 0.005212
59.325 0.005308
59.375 0.005336
59.425 0.00543
59.475 0.00551
59.525 0.005596
59.575 0.005666
59.625 0.005734
59.675 0.005848
59.725 0.00592
59.775 0.005988
59.825 0.006092
59.875 0.006162
59.925 0.006232
59.975 0.006288
60.025 0.006376
60.075 0.006438
60.125 0.006504
60.175 0.006606
60.225 0.00673
60.275 0.00683
60.325 0.006944
60.375 0.007072
60.425 0.007198
60.475 0.007358
60.525 0.007526
60.575 0.007636
60.625 0.007778
60.675 0.007846
60.725 0.007966
60.775 0.008148
60.825 0.008278
60.875 0.008438
60.925 0.008558
60.975 0.00871
61.025 0.008872
61.075 0.009054
61.125 0.009204
61.175 0.009368
61.225 0.009454
61.275 0.009614
61.325 0.009762
61.375 0.009906
61.425 0.010104
61.475 0.010248
61.525 0.010342
61.575 0.010522
61.625 0.010674
61.675 0.010836
61.725 0.010994
61.775 0.01119
61.825 0.011312
61.875 0.01146
61.925 0.0116
61.975 0.011752
62.025 0.011884
62.075 0.012026
62.125 0.012116
62.175 0.0122
62.225 0.012342
62.275 0.012492
62.325 0.01262
62.375 0.012734
62.425 0.01283
62.475 0.012986
62.525 0.01314
62.575 0.013304
62.625 0.01343
62.675 0.01355
62.725 0.01371
62.775 0.013858
62.825 0.014092
62.875 0.014208
62.925 0.014316
62.975 0.014414
63.025 0.014516
63.075 0.01462
63.125 0.01477
63.175 0.014958
63.225 0.015108
63.275 0.01521
63.325 0.01536
63.375 0.015452
63.425 0.015634
63.475 0.015822
63.525 0.01588
63.575 0.016032
63.625 0.016224
63.675 0.016346
63.725 0.016492
63.775 0.016584
63.825 0.016684
63.875 0.01685
63.925 0.016968
63.975 0.017078
64.025 0.017264
64.075 0.017408
64.125 0.01757
64.175 0.017708
64.225 0.017874
64.275 0.018024
64.325 0.018146
64.375 0.018276
64.425 0.018432
64.475 0.01854
64.525 0.018674
64.575 0.018814
64.625 0.018998
64.675 0.01915
64.725 0.019328
64.775 0.019484
64.825 0.01967
64.875 0.01981
64.925 0.020056
64.975 0.020186
65.025 0.020358
65.075 0.020608
65.125 0.020786
65.175 0.020958
65.225 0.021124
65.275 0.021314
65.325 0.02142
65.375 0.021596
65.425 0.021762
65.475 0.021896
65.525 0.022072
65.575 0.02226
65.625 0.022386
65.675 0.022558
65.725 0.022708
65.775 0.022856
65.825 0.023032
65.875 0.0232
65.925 0.023322
65.975 0.023422
66.025 0.023602
66.075 0.023708
66.125 0.023796
66.175 0.023902
66.225 0.024088
66.275 0.024318
66.325 0.024486
66.375 0.024612
66.425 0.024864
66.475 0.025104
66.525 0.025182
66.575 0.025358
66.625 0.025556
66.675 0.025728
66.725 0.025968
66.775 0.026188
66.825 0.02639
66.875 0.026656
66.925 0.026912
66.975 0.02718
67.025 0.027502
67.075 0.02779
67.125 0.027992
67.175 0.028296
67.225 0.02857
67.275 0.02886
67.325 0.029066
67.375 0.029342
67.425 0.029548
67.475 0.029786
67.525 0.03005
67.575 0.030192
67.625 0.030462
67.675 0.030678
67.725 0.030922
67.775 0.031194
67.825 0.031444
67.875 0.031732
67.925 0.032004
67.975 0.03229
68.025 0.032556
68.075 0.032842
68.125 0.033088
68.175 0.033332
68.225 0.033646
68.275 0.03395
68.325 0.034168
68.375 0.03444
68.425 0.034754
68.475 0.035038
68.525 0.035436
68.575 0.035714
68.625 0.036036
68.675 0.036404
68.725 0.036666
68.775 0.036868
68.825 0.03722
68.875 0.03745
68.925 0.037684
68.975 0.037854
69.025 0.038186
69.075 0.038406
69.125 0.038598
69.175 0.03878
69.225 0.03891
69.275 0.03899
69.325 0.039194
69.375 0.039398
69.425 0.039426
69.475 0.039522
69.525 0.039526
69.575 0.039592
69.625 0.03974
69.675 0.039754
69.725 0.039742
69.775 0.039696
69.825 0.039756
69.875 0.03982
69.925 0.039874
69.975 0.039924
70.025 0.039884
70.075 0.040014
70.125 0.040036
70.175 0.040166
70.225 0.040188
70.275 0.040192
70.325 0.040242
70.375 0.040324
70.425 0.040298
70.475 0.040398
70.525 0.04061
70.575 0.040736
70.625 0.040896
70.675 0.040946
70.725 0.04092
70.775 0.040906
70.825 0.040976
70.875 0.041016
70.925 0.041038
70.975 0.041084
71.025 0.041008
71.075 0.041
71.125 0.040954
71.175 0.040816
71.225 0.0408
71.275 0.040898
71.325 0.040826
71.375 0.040892
71.425 0.040834
71.475 0.04093
71.525 0.04091
71.575 0.040988
71.625 0.041004
71.675 0.041156
71.725 0.04136
71.775 0.04156
71.825 0.041644
71.875 0.041674
71.925 0.041938
71.975 0.042092
72.025 0.042308
72.075 0.04245
72.125 0.042568
72.175 0.042792
72.225 0.043076
72.275 0.043382
72.325 0.043554
72.375 0.04373
72.425 0.043984
72.475 0.044222
72.525 0.044496
72.575 0.044636
72.625 0.044872
72.675 0.045082
72.725 0.04525
72.775 0.04543
72.825 0.045604
72.875 0.04567
72.925 0.045882
72.975 0.045952
73.025 0.045896
73.075 0.045958
73.125 0.045966
73.175 0.046026
73.225 0.046142
73.275 0.046318
73.325 0.046392
73.375 0.046454
73.425 0.046462
73.475 0.046568
73.525 0.04665
73.575 0.046864
73.625 0.04704
73.675 0.047236
73.725 0.047358
73.775 0.047442
73.825 0.047622
73.875 0.04772
73.925 0.04782
73.975 0.047942
74.025 0.04812
74.075 0.048276
74.125 0.048356
74.175 0.04836
74.225 0.048304
74.275 0.048308
74.325 0.048382
74.375 0.048476
74.425 0.048504
74.475 0.048528
74.525 0.048448
74.575 0.048378
74.625 0.048354
74.675 0.048306
74.725 0.048252
74.775 0.048148
74.825 0.048268
74.875 0.048202
74.925 0.048092
74.975 0.048086
75.025 0.048004
75.075 0.048042
75.125 0.04796
75.175 0.047786
75.225 0.047764
75.275 0.047736
75.325 0.047696
75.375 0.047786
75.425 0.047828
75.475 0.04788
75.525 0.047926
75.575 0.047968
75.625 0.048032
75.675 0.048124
75.725 0.04818
75.775 0.048174
75.825 0.04818
75.875 0.048242
75.925 0.04829
75.975 0.04825
76.025 0.048264
76.075 0.048134
76.125 0.048058
76.175 0.047996
76.225 0.047914
76.275 0.047828
76.325 0.047798
76.375 0.047786
76.425 0.047768
76.475 0.047642
76.525 0.047522
76.575 0.047264
76.625 0.047204
76.675 0.04708
76.725 0.04699
76.775 0.04682
76.825 0.046636
76.875 0.04643
76.925 0.046194
76.975 0.046016
77.025 0.045934
77.075 0.045856
77.125 0.045818
77.175 0.045706
77.225 0.04552
77.275 0.04534
77.325 0.04512
77.375 0.045036
77.425 0.044968
77.475 0.044804
77.525 0.04472
77.575 0.044528
77.625 0.044382
77.675 0.044348
77.725 0.044206
77.775 0.044052
77.825 0.043906
77.875 0.043646
77.925 0.043404
77.975 0.043208
78.025 0.043048
78.075 0.042828
78.125 0.042676
78.175 0.042532
78.225 0.042372
78.275 0.042198
78.325 0.04213
78.375 0.04206
78.425 0.041934
78.475 0.041782
78.525 0.041702
78.575 0.041634
78.625 0.041556
78.675 0.041382
78.725 0.041316
78.775 0.041162
78.825 0.041016
78.875 0.040836
78.925 0.040628
78.975 0.040524
79.025 0.040414
79.075 0.040352
79.125 0.040242
79.175 0.040138
79.225 0.039988
79.275 0.039888
79.325 0.039798
79.375 0.039704
79.425 0.039618
79.475 0.039488
79.525 0.039314
79.575 0.039222
79.625 0.039044
79.675 0.038836
79.725 0.03866
79.775 0.038502
79.825 0.038368
79.875 0.038162
79.925 0.037892
79.975 0.037642
80.025 0.037412
80.075 0.037182
80.125 0.03695
80.175 0.036656
80.225 0.036354
80.275 0.03606
80.325 0.035772
80.375 0.0356
80.425 0.035358
80.475 0.035124
80.525 0.03483
80.575 0.034574
80.625 0.0343
80.675 0.034
80.725 0.033728
80.775 0.033516
80.825 0.03315
80.875 0.032774
80.925 0.03244
80.975 0.03217
81.025 0.031792
81.075 0.031362
81.125 0.030964
81.175 0.030666
81.225 0.0303
81.275 0.029994
81.325 0.029634
81.375 0.029324
81.425 0.029094
81.475 0.02878
81.525 0.028374
81.575 0.02807
81.625 0.027698
81.675 0.027426
81.725 0.027148
81.775 0.026898
81.825 0.026646
81.875 0.026394
81.925 0.026076
81.975 0.025828
82.025 0.025622
82.075 0.0253
82.125 0.025012
82.175 0.024828
82.225 0.024672
82.275 0.024526
82.325 0.024218
82.375 0.024052
82.425 0.023894
82.475 0.02375
82.525 0.023574
82.575 0.023336
82.625 0.023162
82.675 0.022998
82.725 0.02296
82.775 0.022814
82.825 0.0227
82.875 0.022506
82.925 0.022402
82.975 0.022204
83.025 0.022018
83.075 0.02184
83.125 0.021692
83.175 0.021528
83.225 0.021344
83.275 0.021084
83.325 0.020952
83.375 0.020764
83.425 0.020634
83.475 0.020492
83.525 0.020378
83.575 0.020296
83.625 0.020242
83.675 0.020114
83.725 0.01999
83.775 0.019896
83.825 0.019828
83.875 0.019742
83.925 0.0196
83.975 0.019514
84.025 0.019514
84.075 0.019428
84.125 0.019386
84.175 0.019298
84.225 0.019214
84.275 0.019082
84.325 0.019038
84.375 0.018986
84.425 0.018924
84.475 0.018898
84.525 0.018794
84.575 0.01881
84.625 0.018826
84.675 0.0188
84.725 0.018692
84.775 0.018662
84.825 0.018644
84.875 0.018622
84.925 0.018612
84.975 0.018568
85.025 0.018524
85.075 0.018594
85.125 0.018608
85.175 0.018688
85.225 0.01863
85.275 0.018676
85.325 0.018672
85.375 0.01869
85.425 0.01865
85.475 0.018652
85.525 0.018626
85.575 0.018606
85.625 0.018578
85.675 0.018584
85.725 0.018566
85.775 0.018552
85.825 0.018518
85.875 0.018482
85.925 0.018426
85.975 0.01839
86.025 0.01832
86.075 0.018312
86.125 0.018218
86.175 0.018182
86.225 0.01816
86.275 0.018104
86.325 0.017992
86.375 0.017886
86.425 0.0178
86.475 0.017698
86.525 0.017614
86.575 0.017512
86.625 0.017402
86.675 0.017314
86.725 0.017188
86.775 0.017106
86.825 0.016944
86.875 0.016786
86.925 0.016648
86.975 0.016446
87.025 0.01635
87.075 0.016152
87.125 0.015924
87.175 0.01572
87.225 0.015552
87.275 0.015336
87.325 0.015092
87.375 0.014866
87.425 0.014656
87.475 0.01448
87.525 0.014288
87.575 0.01404
87.625 0.013832
87.675 0.013548
87.725 0.013356
87.775 0.013102
87.825 0.01288
87.875 0.012648
87.925 0.012474
87.975 0.012252
88.025 0.01209
88.075 0.011898
88.125 0.011678
88.175 0.011428
88.225 0.011204
88.275 0.011006
88.325 0.01079
88.375 0.010602
88.425 0.010424
88.475 0.010192
88.525 0.010008
88.575 0.009798
88.625 0.009602
88.675 0.009428
88.725 0.009234
88.775 0.008992
88.825 0.00878
88.875 0.008606
88.925 0.0084
88.975 0.008158
89.025 0.00793
89.075 0.007722
89.125 0.007522
89.175 0.007326
89.225 0.007158
89.275 0.006964
89.325 0.006784
89.375 0.006576
89.425 0.006422
89.475 0.006268
89.525 0.006078
89.575 0.005914
89.625 0.005768
89.675 0.005602
89.725 0.00548
89.775 0.00532
89.825 0.005214
89.875 0.005072
89.925 0.00493
89.975 0.004754
90.025 0.004582
90.075 0.004434
90.125 0.004288
90.175 0.004138
90.225 0.003944
90.275 0.003806
90.325 0.003636
90.375 0.003462
90.425 0.00329
90.475 0.003172
90.525 0.00303
90.575 0.002886
90.625 0.002744
90.675 0.002616
90.725 0.002492
90.775 0.002376
90.825 0.002274
90.875 0.002178
90.925 0.002076
90.975 0.001982
91.025 0.001886
91.075 0.001794
91.125 0.001684
91.175 0.001594
91.225 0.001484
91.275 0.001414
91.325 0.001342
91.375 0.001254
91.425 0.001184
91.475 0.001134
91.525 0.001074
91.575 0.001
91.625 0.000942
91.675 0.000864
91.725 0.000782
91.775 0.000728
91.825 0.000668
91.875 0.000638
91.925 0.000604
91.975 0.000574
92.025 0.000538
92.075 0.000504
92.125 0.000482
92.175 0.000456
92.225 0.000412
92.275 0.00039
92.325 0.00036
92.375 0.000326
92.425 0.000292
92.475 0.000274
92.525 0.000264
92.575 0.000236
92.625 0.000216
92.675 0.000204
92.725 0.000194
92.775 0.00018
92.825 0.000172
92.875 0.000168
92.925 0.000152
92.975 0.000142
93.025 0.000122
93.075 0.000106
93.125 9.6e-05
93.175 8.8e-05
93.225 8.6e-05
93.275 8.2e-05
93.325 7e-05
93.375 5.6e-05
93.425 4.2e-05
93.475 4e-05
93.525 3.4e-05
93.575 3e-05
93.625 3e-05
93.675 2e-05
93.725 1.8e-05
93.775 1.6e-05
93.825 1.2e-05
93.875 8e-06
93.925 6e-06
93.975 4e-06
94.025 4e-06
94.075 4e-06
94.125 5.4635658e-17
94.175 5.4635658e-17
94.225 5.4635658e-17
94.275 5.4635658e-17
94.325 5.4635658e-17
94.375 5.4635658e-17
94.425 5.4635658e-17
94.475 5.4635658e-17
94.525 5.4635658e-17
94.575 5.4635658e-17
94.625 5.4635658e-17
94.675 5.4635658e-17
94.725 5.4635658e-17
94.775 5.4635658e-17
94.825 5.4635658e-17
94.875 5.4635658e-17
94.925 5.4635658e-17
94.975 5.4635658e-17
95.025 5.4635658e-17
95.075 5.4635658e-17
95.125 5.4635658e-17
95.175 5.4635658e-17
95.225 5.4635658e-17
95.275 5.4635658e-17
95.325 5.4635658e-17
95.375 5.4635658e-17
95.425 5.4635658e-17
95.475 5.4635658e-17
95.525 5.4635658e-17
95.575 5.4635658e-17
95.625 5.4635658e-17
95.675 5.4635658e-17
95.725 5.4635658e-17
95.775 5.4635658e-17
95.825 5.4635658e-17
95.875 5.4635658e-17
95.925 5.4635658e-17
95.975 5.4635658e-17
96.025 5.4635658e-17
96.075 5.4635658e-17
96.125 5.4635658e-17
96.175 5.4635658e-17
96.225 5.4635658e-17
96.275 5.4635658e-17
96.325 5.4635658e-17
96.375 5.4635658e-17
96.425 5.4635658e-17
96.475 5.4635658e-17
96.525 5.4635658e-17
96.575 5.4635658e-17
96.625 5.4635658e-17
96.675 5.4635658e-17
96.725 5.4635658e-17
96.775 5.4635658e-17
96.825 5.4635658e-17
96.875 5.4635658e-17
96.925 5.4635658e-17
96.975 5.4635658e-17
97.025 5.4635658e-17
97.075 5.4635658e-17
97.125 5.4635658e-17
97.175 5.4635658e-17
97.225 5.4635658e-17
97.275 5.4635658e-17
97.325 5.4635658e-17
97.375 5.4635658e-17
97.425 5.4635658e-17
97.475 5.4635658e-17
97.525 5.4635658e-17
97.575 5.4635658e-17
97.625 5.4635658e-17
97.675 5.4635658e-17
97.725 5.4635658e-17
97.775 5.4635658e-17
97.825 5.4635658e-17
97.875 5.4635658e-17
97.925 5.4635658e-17
97.975 5.4635658e-17
98.025 5.4635658e-17
98.075 5.4635658e-17
98.125 5.4635658e-17
98.175 5.4635658e-17
98.225 5.4635658e-17
98.275 5.4635658e-17
98.325 5.4635658e-17
98.375 5.4635658e-17
98.425 5.4635658e-17
98.475 5.4635658e-17
98.525 5.4635658e-17
98.575 5.4635658e-17
98.625 5.4635658e-17
98.675 5.4635658e-17
98.725 5.4635658e-17
98.775 5.4635658e-17

