#EXT	PDF_AVG
1.9000000000000001	0.0
2.0	0.0
2.1	0.0
2.2	0.0
2.3000000000000003	0.0
2.4000000000000004	0.0
2.5	0.0
2.6	0.0
2.7	0.0
2.8000000000000003	0.0
2.9000000000000004	0.0
3.0	0.0
3.1	0.0
3.2	0.0
3.3000000000000003	0.0
3.4000000000000004	0.0
3.5	0.0
3.6	0.0
3.7	0.0
3.8000000000000003	0.0
3.9000000000000004	0.0
4.0	0.0
4.1000000000000005	0.0
4.2	0.0
4.3	0.0
4.4	0.0
4.5	0.0
4.6000000000000005	1.2500000000000045e-06
4.7	1.8750000000000011e-06
4.800000000000001	3.7500000000000077e-06
4.9	4.37500000000001e-06
5.0	5.000000000000006e-06
5.1000000000000005	5.625000000000009e-06
5.2	6.875000000000002e-06
5.300000000000001	9.375000000000011e-06
5.4	9.375000000000011e-06
5.5	1.2499999999999996e-05
5.6000000000000005	1.3124999999999997e-05
5.7	1.7499999999999975e-05
5.800000000000001	2.187499999999999e-05
5.9	3.0000000000000018e-05
6.0	3.2500000000000004e-05
6.1000000000000005	3.875000000000003e-05
6.2	4.1875000000000015e-05
6.300000000000001	4.6250000000000026e-05
6.4	5.062500000000004e-05
6.5	6.062499999999999e-05
6.6000000000000005	6.625000000000001e-05
6.7	6.937499999999999e-05
6.800000000000001	7.3125e-05
6.9	8.000000000000003e-05
7.0	8.5e-05
7.1000000000000005	9.437500000000003e-05
7.2	0.00010125
7.300000000000001	0.00011375000000000005
7.4	0.0001275000000000001
7.5	0.00013437500000000005
7.6000000000000005	0.0001468750000000001
7.7	0.00015625000000000006
7.800000000000001	0.00017875000000000014
7.9	0.00018750000000000017
8.0	0.00020375000000000024
8.1	0.00021999999999999987
8.200000000000001	0.000238125
8.3	0.00025562500000000005
8.4	0.00027875000000000013
8.5	0.0002918750000000003
8.6	0.0003124999999999999
8.700000000000001	0.00032687499999999996
8.8	0.00036312500000000006
8.9	0.0003843750000000001
9.0	0.0004162500000000003
9.1	0.0004393749999999998
9.200000000000001	0.00047125
9.3	0.0004968750000000001
9.4	0.0005231250000000002
9.5	0.0005574999999999996
9.600000000000001	0.0006024999999999997
9.700000000000001	0.00063875
9.8	0.000669375
9.9	0.0007081250000000002
10.0	0.0007381249999999994
10.100000000000001	0.0007818749999999999
10.200000000000001	0.0008287500000000003
10.3	0.0008668750000000002
10.4	0.0009237500000000004
10.5	0.0009868749999999993
10.600000000000001	0.0010687499999999998
10.700000000000001	0.0011643750000000003
10.8	0.0012400000000000007
10.9	0.001331250000000001
11.0	0.0014293749999999988
11.100000000000001	0.0015331249999999998
11.200000000000001	0.0016337500000000002
11.3	0.0017537500000000008
11.4	0.0019100000000000009
11.5	0.002044999999999999
11.600000000000001	0.0021581249999999995
11.700000000000001	0.002310625
11.8	0.0024400000000000003
11.9	0.002603750000000001
12.0	0.0027724999999999985
12.100000000000001	0.0028987499999999994
12.200000000000001	0.0030212499999999996
12.3	0.0031668750000000004
12.4	0.003329375000000001
12.5	0.0034456249999999995
12.600000000000001	0.003590624999999999
12.700000000000001	0.0037156249999999993
12.8	0.0038193750000000007
12.9	0.0039362500000000005
13.0	0.004044999999999999
13.100000000000001	0.0041156249999999995
13.200000000000001	0.004195625
13.3	0.00426
13.4	0.0042875000000000005
13.5	0.0043275
13.600000000000001	0.004378125
13.700000000000001	0.004385625
13.8	0.004419375
13.9	0.0044375
14.0	0.00447
14.100000000000001	0.00452375
14.200000000000001	0.004585625
14.3	0.004625625
14.4	0.0046568749999999996
14.5	0.004736874999999999
14.600000000000001	0.004760624999999999
14.700000000000001	0.004808125
14.8	0.004861875
14.9	0.004930625
15.0	0.0049525
15.100000000000001	0.005025625000000001
15.200000000000001	0.00509125
15.3	0.005165000000000001
15.4	0.005230625000000001
15.5	0.0053
15.600000000000001	0.005371249999999999
15.700000000000001	0.00544
15.8	0.005501875000000001
15.9	0.00556625
16.0	0.005579375
16.1	0.005635000000000006
16.2	0.0056812500000000005
16.3	0.005716874999999995
16.400000000000002	0.005769375000000002
16.5	0.005800625000000002
16.6	0.005840625000000007
16.7	0.005861875000000002
16.8	0.005908124999999996
16.900000000000002	0.005944375000000003
17.0	0.006003750000000001
17.1	0.0060881250000000085
17.2	0.0061575000000000015
17.3	0.0062131249999999956
17.400000000000002	0.006295000000000004
17.5	0.006362500000000002
17.6	0.006421875000000009
17.7	0.006486250000000003
17.8	0.006564999999999996
17.900000000000002	0.006615000000000003
18.0	0.0066787500000000015
18.1	0.006743750000000004
18.2	0.006821250000000003
18.3	0.006906250000000001
18.400000000000002	0.006948125000000002
18.5	0.006986875000000001
18.6	0.007053125000000003
18.7	0.007145000000000001
18.8	0.007207500000000001
18.900000000000002	0.007266250000000002
19.0	0.007331250000000002
19.1	0.007351249999999987
19.200000000000003	0.0073987500000000025
19.3	0.007439375000000001
19.400000000000002	0.007456250000000002
19.5	0.007495000000000002
19.6	0.007519374999999988
19.700000000000003	0.007581875000000002
19.8	0.0076025000000000025
19.900000000000002	0.007650625000000003
20.0	0.007696875000000003
20.1	0.007744374999999988
20.200000000000003	0.007747500000000002
20.3	0.007765000000000001
20.400000000000002	0.007796875000000002
20.5	0.007858125000000002
20.6	0.007896874999999987
20.700000000000003	0.007930625000000002
20.8	0.007950625000000001
20.900000000000002	0.007960625000000002
21.0	0.008008125000000001
21.1	0.008038125000000002
21.200000000000003	0.008059375
21.3	0.008085
21.400000000000002	0.008118750000000001
21.5	0.008157500000000002
21.6	0.008226250000000001
21.700000000000003	0.008261250000000001
21.8	0.008316875
21.900000000000002	0.0083775
22.0	0.008432499999999999
22.1	0.00843375
22.200000000000003	0.008483125000000001
22.3	0.00854375
22.400000000000002	0.00859375
22.5	0.0086525
22.6	0.008689375
22.700000000000003	0.00876375
22.8	0.008830000000000001
22.900000000000002	0.008880625000000001
23.0	0.008910000000000001
23.1	0.008945
23.200000000000003	0.008985625
23.3	0.009026250000000001
23.400000000000002	0.009090000000000003
23.5	0.009138125
23.6	0.009156875
23.700000000000003	0.009193750000000004
23.8	0.009273125
23.900000000000002	0.009305625000000001
24.0	0.009370625
24.1	0.0094675
24.200000000000003	0.009547500000000002
24.3	0.009609375
24.400000000000002	0.009685625000000002
24.5	0.009713125000000001
24.6	0.009776250000000002
24.700000000000003	0.009765000000000001
24.8	0.00984375
24.900000000000002	0.009858124999999999
25.0	0.009909374999999998
25.1	0.010002499999999998
25.200000000000003	0.01007875
25.3	0.010119374999999998
25.400000000000002	0.010203750000000001
25.5	0.01025875
25.6	0.010331874999999999
25.700000000000003	0.0103975
25.8	0.01041125
25.900000000000002	0.010471250000000001
26.0	0.010510000000000002
26.1	0.01056
26.200000000000003	0.010601250000000001
26.3	0.010666249999999999
26.400000000000002	0.010668125
26.5	0.010705
26.6	0.010724999999999998
26.700000000000003	0.010784375
26.8	0.010781875
26.900000000000002	0.010821250000000001
27.0	0.010840625000000003
27.1	0.010826875000000001
27.200000000000003	0.010850000000000002
27.3	0.010913125000000001
27.400000000000002	0.010926250000000002
27.5	0.010912500000000002
27.6	0.010953750000000002
27.700000000000003	0.011009375000000002
27.8	0.011040625000000002
27.900000000000002	0.011052500000000002
28.0	0.011104375000000001
28.1	0.01114125
28.200000000000003	0.011158125000000001
28.3	0.011179375000000002
28.400000000000002	0.011240625
28.5	0.011315625
28.6	0.011343125
28.700000000000003	0.0113725
28.8	0.011425
28.900000000000002	0.011525000000000004
29.0	0.011583125000000001
29.1	0.011678125000000001
29.200000000000003	0.011726875000000001
29.3	0.011800624999999999
29.400000000000002	0.011818125
29.5	0.011913125
29.6	0.011956874999999999
29.700000000000003	0.011956249999999998
29.8	0.012043124999999997
29.900000000000002	0.012097499999999999
30.0	0.012118749999999998
30.1	0.012131874999999997
30.200000000000003	0.0121725
30.3	0.012193749999999998
30.400000000000002	0.012225624999999999
30.5	0.012246874999999999
30.6	0.012309999999999998
30.700000000000003	0.012358125
30.8	0.012395624999999999
30.900000000000002	0.012394374999999997
31.0	0.012457499999999998
31.1	0.012522499999999997
31.200000000000003	0.012579999999999997
31.3	0.012665
31.400000000000002	0.012789375
31.5	0.012929999999999997
31.6	0.013024374999999996
31.700000000000003	0.013151249999999998
31.8	0.013224375
31.900000000000002	0.013371875
32.0	0.013510624999999998
32.1	0.013594374999999997
32.2	0.013739999999999974
32.300000000000004	0.013866250000000024
32.4	0.01397625
32.5	0.014068124999999997
32.6	0.014151249999999999
32.7	0.014227499999999973
32.800000000000004	0.014352500000000027
32.9	0.014476875000000004
33.0	0.014571875000000003
33.1	0.014640625
33.2	0.014743124999999977
33.300000000000004	0.01478687500000003
33.4	0.014786250000000006
33.5	0.014739375000000004
33.6	0.014786250000000004
33.7	0.014836874999999977
33.800000000000004	0.01487687500000003
33.9	0.014858750000000007
34.0	0.014896250000000005
34.1	0.014978125000000004
34.2	0.014986250000000001
34.300000000000004	0.015066875000000007
34.4	0.015134375000000005
34.5	0.015176250000000006
34.6	0.015228750000000004
34.7	0.015306250000000004
34.800000000000004	0.015363750000000006
34.9	0.015417500000000006
35.0	0.015480000000000004
35.1	0.0155875
35.2	0.015641875000000003
35.300000000000004	0.015722500000000007
35.4	0.015857500000000004
35.5	0.016041875000000004
35.6	0.016152500000000004
35.7	0.016231875
35.800000000000004	0.016269375000000003
35.9	0.016400625
36.0	0.016489999999999998
36.1	0.016565
36.2	0.016691875
36.300000000000004	0.016760625
36.4	0.016816875000000002
36.5	0.016941249999999998
36.6	0.0170475
36.7	0.017094374999999995
36.800000000000004	0.017170625000000002
36.9	0.0173475
37.0	0.017411249999999996
37.1	0.017425
37.2	0.017503749999999995
37.300000000000004	0.017583124999999998
37.4	0.017631874999999998
37.5	0.017685
37.6	0.017748124999999997
37.7	0.017844999999999996
37.800000000000004	0.017951250000000002
37.9	0.018025000000000003
38.0	0.018095624999999997
38.1	0.018201249999999995
38.2	0.018273124999999998
38.300000000000004	0.018304999999999932
38.400000000000006	0.018393125
38.5	0.018457499999999998
38.6	0.01859375
38.7	0.018737499999999997
38.800000000000004	0.01878624999999993
38.900000000000006	0.018786249999999997
39.0	0.018880624999999998
39.1	0.018960625
39.2	0.019031874999999997
39.300000000000004	0.01905437499999993
39.400000000000006	0.019069374999999993
39.5	0.019071874999999995
39.6	0.019069374999999996
39.7	0.019089999999999992
39.800000000000004	0.01912562499999993
39.900000000000006	0.019118124999999996
40.0	0.019145624999999996
40.1	0.019171874999999998
40.2	0.019155624999999996
40.300000000000004	0.019188124999999997
40.400000000000006	0.01919375
40.5	0.019201874999999997
40.6	0.019250624999999997
40.7	0.01919125
40.800000000000004	0.019237499999999998
40.900000000000006	0.019205624999999997
41.0	0.019194374999999993
41.1	0.019168124999999994
41.2	0.019090624999999996
41.300000000000004	0.019063749999999997
41.400000000000006	0.019089375
41.5	0.019055625
41.6	0.01903875
41.7	0.0190225
41.800000000000004	0.019064374999999998
41.900000000000006	0.019113750000000002
42.0	0.019126875
42.1	0.019178125
42.2	0.019214375
42.300000000000004	0.019221250000000002
42.400000000000006	0.019290625000000002
42.5	0.01938625
42.6	0.019370000000000005
42.7	0.019506875
42.800000000000004	0.019578125
42.900000000000006	0.019688125000000008
43.0	0.019746250000000003
43.1	0.019815000000000003
43.2	0.019901250000000002
43.300000000000004	0.020008125
43.400000000000006	0.020068750000000003
43.5	0.020196250000000002
43.6	0.0202775
43.7	0.020318125
43.800000000000004	0.020289375000000005
43.900000000000006	0.020303750000000002
44.0	0.020307500000000003
44.1	0.020300625000000003
44.2	0.020331250000000002
44.300000000000004	0.02037875
44.400000000000006	0.020376875000000003
44.5	0.020332500000000003
44.6	0.020258750000000002
44.7	0.020210625000000003
44.800000000000004	0.020123750000000003
44.900000000000006	0.020094375000000005
45.0	0.020110625000000003
45.1	0.020121875000000004
45.2	0.020175000000000002
45.300000000000004	0.020166250000000004
45.400000000000006	0.020217500000000006
45.5	0.020226250000000005
45.6	0.020266875000000004
45.7	0.020338125000000006
45.800000000000004	0.020428750000000002
45.900000000000006	0.020493750000000005
46.0	0.020571875000000003
46.1	0.020566875000000005
46.2	0.020604375000000005
46.300000000000004	0.020654375000000003
46.400000000000006	0.020723750000000006
46.5	0.020706875000000007
46.6	0.020800625000000007
46.7	0.020885000000000008
46.800000000000004	0.021011875000000006
46.900000000000006	0.021065625000000004
47.0	0.021127500000000004
47.1	0.021171875000000007
47.2	0.021235625
47.300000000000004	0.0213325
47.400000000000006	0.021369375000000003
47.5	0.021456875000000004
47.6	0.021532500000000003
47.7	0.021575625
47.800000000000004	0.021663125
47.900000000000006	0.021723750000000007
48.0	0.021754375000000003
48.1	0.021854375000000002
48.2	0.02191625
48.300000000000004	0.02195375
48.400000000000006	0.022003125000000002
48.5	0.022098125000000003
48.6	0.02215125
48.7	0.02215625
48.800000000000004	0.022174375
48.900000000000006	0.022231250000000004
49.0	0.022283750000000005
49.1	0.022350000000000002
49.2	0.022421250000000004
49.300000000000004	0.022390625000000004
49.400000000000006	0.022454375000000006
49.5	0.022505625000000008
49.6	0.022574375000000004
49.7	0.02267125
49.800000000000004	0.0227325
49.900000000000006	0.022805000000000006
50.0	0.022951250000000003
50.1	0.023030625000000002
50.2	0.023127500000000002
50.300000000000004	0.023230624999999998
50.400000000000006	0.023348125000000004
50.5	0.023427500000000004
50.6	0.023508125000000005
50.7	0.023661875000000002
50.800000000000004	0.023804375
50.900000000000006	0.023922500000000006
51.0	0.024031875
51.1	0.02419875
51.2	0.024305
51.300000000000004	0.02447875
51.400000000000006	0.024590000000000004
51.5	0.024740625000000002
51.6	0.0248675
51.7	0.025008125
51.800000000000004	0.02517375
51.900000000000006	0.025250625
52.0	0.025308124999999997
52.1	0.025405624999999998
52.2	0.025491874999999997
52.300000000000004	0.025609374999999997
52.400000000000006	0.025670625000000002
52.5	0.025751249999999996
52.6	0.025814374999999994
52.7	0.025822499999999998
52.800000000000004	0.02584375
52.900000000000006	0.025846249999999998
53.0	0.025831874999999997
53.1	0.025792499999999996
53.2	0.025799374999999996
53.300000000000004	0.025818749999999994
53.400000000000006	0.025834375
53.5	0.02574125
53.6	0.025638125
53.7	0.025553750000000004
53.800000000000004	0.025448125000000005
53.900000000000006	0.02541875
54.0	0.025345
54.1	0.025321875000000004
54.2	0.025312500000000005
54.300000000000004	0.025281250000000005
54.400000000000006	0.025266250000000007
54.5	0.025317500000000003
54.6	0.025356250000000004
54.7	0.025414375
54.800000000000004	0.02541625
54.900000000000006	0.02541
55.0	0.0254175
55.1	0.025425625
55.2	0.025371875
55.300000000000004	0.025329375000000005
55.400000000000006	0.025318125000000004
55.5	0.025367499999999998
55.6	0.025391875
55.7	0.025371875
55.800000000000004	0.025357499999999998
55.900000000000006	0.025314375
56.0	0.025368125
56.1	0.025332499999999997
56.2	0.025264375
56.300000000000004	0.025198750000000002
56.400000000000006	0.025128749999999995
56.5	0.025009374999999993
56.6	0.024874999999999998
56.7	0.02471125
56.800000000000004	0.024615000000000005
56.900000000000006	0.02453625
57.0	0.02440375
57.1	0.0243325
57.2	0.024233750000000005
57.300000000000004	0.024141875000000004
57.400000000000006	0.023991249999999995
57.5	0.023791249999999996
57.6	0.023704375
57.7	0.023595625000000002
57.800000000000004	0.023493750000000004
57.900000000000006	0.023420625
58.0	0.02322875
58.1	0.023074375
58.2	0.022961875000000007
58.300000000000004	0.02281937500000001
58.400000000000006	0.022686875
58.5	0.022583125000000003
58.6	0.02250375
58.7	0.022421875000000004
58.800000000000004	0.022323750000000007
58.900000000000006	0.0222125
59.0	0.02217625
59.1	0.0220675
59.2	0.021990625000000003
59.300000000000004	0.021851250000000003
59.400000000000006	0.021716874999999997
59.5	0.021681874999999996
59.6	0.021532499999999996
59.7	0.021415
59.800000000000004	0.02128375
59.900000000000006	0.021221249999999997
60.0	0.021191875
60.1	0.0211725
60.2	0.021088125
60.300000000000004	0.021063125
60.400000000000006	0.0210175
60.5	0.020908125
60.6	0.020789375000000002
60.7	0.020745625
60.800000000000004	0.020625625
60.900000000000006	0.020561875
61.0	0.02043375
61.1	0.020336250000000004
61.2	0.020229375000000004
61.300000000000004	0.020146250000000004
61.400000000000006	0.020075625000000003
61.5	0.019922500000000003
61.6	0.019877500000000006
61.7	0.01974125000000001
61.800000000000004	0.01963687500000001
61.900000000000006	0.019433749999999996
62.0	0.019325
62.1	0.019125625
62.2	0.018965625000000007
62.300000000000004	0.018786250000000008
62.400000000000006	0.018599999999999995
62.5	0.018518124999999996
62.6	0.018405625
62.7	0.018266875
62.800000000000004	0.018167500000000003
62.900000000000006	0.01803312499999999
63.0	0.017949374999999997
63.1	0.017828124999999993
63.2	0.017720624999999997
63.300000000000004	0.017648124999999997
63.400000000000006	0.017618125
63.5	0.017571874999999997
63.6	0.017473125
63.7	0.017474375
63.800000000000004	0.017444374999999998
63.900000000000006	0.017396249999999995
64.0	0.017264374999999943
64.10000000000001	0.017245000000000003
64.2	0.017251875000000062
64.3	0.017216875000000003
64.4	0.017175000000000003
64.5	0.017101249999999946
64.60000000000001	0.017070625000000006
64.7	0.017035625000000065
64.8	0.016987500000000006
64.9	0.016946250000000006
65.0	0.016916249999999945
65.10000000000001	0.016850625000000004
65.2	0.016866875000000062
65.3	0.016858750000000002
65.4	0.016851875000000002
65.5	0.01686749999999994
65.60000000000001	0.016853749999999997
65.7	0.01687250000000006
65.8	0.016828125000000006
65.9	0.016882500000000012
66.0	0.016898750000000008
66.10000000000001	0.016870000000000003
66.2	0.016880625000000007
66.3	0.01687312500000001
66.4	0.016895625000000008
66.5	0.016871875000000012
66.60000000000001	0.01688062500000001
66.7	0.016791250000000008
66.8	0.01675687500000001
66.9	0.016774375000000008
67.0	0.016745000000000013
67.10000000000001	0.01673437500000001
67.2	0.016669375000000007
67.3	0.016596875000000018
67.4	0.01653812500000001
67.5	0.01645562500000002
67.60000000000001	0.01643500000000002
67.7	0.016314375000000013
67.8	0.01630125000000001
67.9	0.016211875000000008
68.0	0.016147500000000013
68.10000000000001	0.01608250000000001
68.2	0.015994375
68.3	0.01592000000000001
68.4	0.015854375000000007
68.5	0.015861250000000004
68.60000000000001	0.01576375
68.7	0.0157425
68.8	0.015683125000000003
68.9	0.015564374999999997
69.0	0.015493125000000002
69.10000000000001	0.015431249999999999
69.2	0.015319374999999993
69.3	0.015224375000000002
69.4	0.01506687499999999
69.5	0.014917500000000005
69.60000000000001	0.014754374999999995
69.7	0.014629999999999987
69.8	0.014509999999999999
69.9	0.014383124999999991
70.0	0.014278125
70.10000000000001	0.014163749999999992
70.2	0.013980624999999986
70.3	0.013853749999999993
70.4	0.013701249999999984
70.5	0.013463125000000006
70.60000000000001	0.013301874999999996
70.7	0.013145624999999989
70.8	0.01299875
70.9	0.012846249999999993
71.0	0.012687500000000004
71.10000000000001	0.012506249999999993
71.2	0.012382499999999987
71.3	0.0122375
71.4	0.012071249999999992
71.5	0.011943125000000002
71.60000000000001	0.011788749999999992
71.7	0.011581874999999981
71.8	0.011357500000000001
71.9	0.01116187499999999
72.0	0.01091437500000001
72.10000000000001	0.010679999999999999
72.2	0.010491874999999987
72.3	0.010306875000000004
72.4	0.010040624999999987
72.5	0.009875
72.60000000000001	0.009688124999999988
72.7	0.00949187499999998
72.8	0.009295624999999995
72.9	0.009126874999999986
73.0	0.008878750000000008
73.10000000000001	0.008677499999999996
73.2	0.008454999999999983
73.3	0.00826625
73.4	0.00809687499999999
73.5	0.007910625000000006
73.60000000000001	0.007738749999999996
73.7	0.00760624999999999
73.8	0.007439375000000002
73.9	0.007276874999999993
74.0	0.007146875000000006
74.10000000000001	0.007028124999999998
74.2	0.00689374999999999
74.3	0.006740000000000003
74.4	0.006636249999999996
74.5	0.006510625000000009
74.60000000000001	0.006379375
74.7	0.006244374999999993
74.8	0.0061143750000000035
74.9	0.005957499999999996
75.0	0.005865000000000003
75.10000000000001	0.005768124999999997
75.2	0.005667499999999992
75.3	0.005573750000000001
75.4	0.005461874999999993
75.5	0.005321250000000005
75.60000000000001	0.005201249999999998
75.7	0.005083749999999992
75.8	0.004995624999999999
75.9	0.004890624999999993
76.0	0.004786250000000002
76.10000000000001	0.004700624999999997
76.2	0.0046081249999999924
76.3	0.004501875000000001
76.4	0.004415624999999996
76.5	0.004321250000000004
76.60000000000001	0.0042387499999999995
76.7	0.00416499999999997
76.80000000000001	0.004080625000000002
76.9	0.004017499999999998
77.0	0.003936250000000005
77.10000000000001	0.0038631250000000007
77.2	0.0037837499999999733
77.30000000000001	0.003695000000000004
77.4	0.003618749999999999
77.5	0.003585625000000002
77.60000000000001	0.0035212499999999988
77.7	0.003454374999999976
77.80000000000001	0.0033750000000000017
77.9	0.0033206249999999994
78.0	0.0032631250000000034
78.10000000000001	0.003178124999999999
78.2	0.0031024999999999785
78.30000000000001	0.0030537500000000018
78.4	0.0029999999999999983
78.5	0.002948750000000003
78.60000000000001	0.002909375000000001
78.7	0.0028350000000000072
78.80000000000001	0.0027500000000000024
78.9	0.002674374999999998
79.0	0.0026062500000000035
79.10000000000001	0.0025231249999999993
79.2	0.002443125000000006
79.30000000000001	0.0023712500000000023
79.4	0.002313749999999999
79.5	0.0022331250000000055
79.60000000000001	0.002172500000000002
79.7	0.002120625000000006
79.80000000000001	0.002056250000000003
79.9	0.001984374999999999
80.0	0.0019187500000000044
80.10000000000001	0.0018568750000000009
80.2	0.0018018750000000055
80.30000000000001	0.001718125000000001
80.4	0.0016412499999999964
80.5	0.0015612500000000032
80.60000000000001	0.0014749999999999984
80.7	0.001408750000000004
80.80000000000001	0.0013643750000000014
80.9	0.0013137499999999985
81.0	0.0012650000000000027
81.10000000000001	0.001215625
81.2	0.001170000000000004
81.30000000000001	0.00110625
81.4	0.001048749999999997
81.5	0.0010000000000000009
81.60000000000001	0.0009468749999999981
81.7	0.0008943750000000025
81.80000000000001	0.0008543750000000003
81.9	0.0008012499999999971
82.0	0.0007612500000000005
82.10000000000001	0.0007274999999999987
82.2	0.0006793750000000027
82.30000000000001	0.0006506250000000011
82.4	0.0006256249999999997
82.5	0.0006037500000000016
82.60000000000001	0.0005781250000000001
82.7	0.0005550000000000021
82.80000000000001	0.0005300000000000007
82.9	0.0005056249999999992
83.0	0.0004756250000000018
83.10000000000001	0.0004481250000000003
83.2	0.0004287500000000019
83.30000000000001	0.0004175000000000012
83.4	0.0003968750000000001
83.5	0.00037187500000000225
83.60000000000001	0.0003531250000000011
83.7	0.000331875000000003
83.80000000000001	0.0003062500000000015
83.9	0.0002918750000000007
84.0	0.0002831250000000014
84.10000000000001	0.0002668750000000005
84.2	0.0002581250000000013
84.30000000000001	0.00023875000000000017
84.4	0.00021937499999999908
84.5	0.000196875000000001
84.60000000000001	0.00017499999999999973
84.7	0.00015750000000000123
84.80000000000001	0.00014000000000000023
84.9	0.0001199999999999991
85.0	0.00010375000000000048
85.10000000000001	9.374999999999991e-05
85.2	8.187500000000092e-05
85.30000000000001	6.937500000000021e-05
85.4	6.062499999999972e-05
85.5	5.3750000000000304e-05
85.60000000000001	4.187499999999963e-05
85.7	3.4375000000000266e-05
85.80000000000001	2.8749999999999947e-05
85.9	2.1874999999999553e-05
86.0	1.2500000000000353e-05
86.10000000000001	6.25e-06
86.2	3.750000000000213e-06
86.30000000000001	6.250000000000355e-07
86.4	6.250000000000355e-07
86.5	6.250000000000355e-07
86.60000000000001	0.0
86.7	0.0
86.80000000000001	0.0
86.9	0.0
87.0	0.0
87.10000000000001	0.0
87.2	0.0
87.30000000000001	0.0
87.4	0.0
87.5	0.0
87.60000000000001	0.0
87.7	0.0
87.80000000000001	0.0
87.9	0.0
88.0	0.0
88.10000000000001	0.0
88.2	0.0
88.30000000000001	0.0
88.4	0.0
88.5	0.0
88.60000000000001	0.0
88.7	0.0
88.80000000000001	0.0
88.9	0.0
89.0	0.0
89.10000000000001	0.0
89.2	0.0
89.30000000000001	0.0
89.4	0.0
89.5	0.0
89.60000000000001	0.0
89.7	0.0
89.80000000000001	0.0
89.9	0.0
90.0	0.0
90.10000000000001	0.0
90.2	0.0
90.30000000000001	0.0
90.4	0.0
90.5	0.0
90.60000000000001	0.0
90.7	0.0
90.80000000000001	0.0
90.9	0.0
91.0	0.0
91.10000000000001	0.0
91.2	0.0
91.30000000000001	0.0
91.4	0.0
91.5	0.0
91.60000000000001	0.0
91.7	0.0
91.80000000000001	0.0
91.9	0.0
92.0	0.0
92.10000000000001	0.0
92.2	0.0
92.30000000000001	0.0
92.4	0.0
92.5	0.0
92.60000000000001	0.0
92.7	0.0
92.80000000000001	0.0
92.9	0.0
93.0	0.0
93.10000000000001	0.0
93.2	0.0
93.30000000000001	0.0
93.4	0.0
93.5	0.0
93.60000000000001	0.0
93.7	0.0
93.80000000000001	0.0
93.9	0.0
94.0	0.0
94.10000000000001	0.0
94.2	0.0
94.30000000000001	0.0
94.4	0.0
94.5	0.0
94.60000000000001	0.0
94.7	0.0
94.80000000000001	0.0
94.9	0.0
95.0	0.0
95.10000000000001	0.0
95.2	0.0
95.30000000000001	0.0
95.4	0.0
95.5	0.0
95.60000000000001	0.0
95.7	0.0
95.80000000000001	0.0
95.9	0.0
96.0	0.0
96.10000000000001	0.0
96.2	0.0
96.30000000000001	0.0
96.4	0.0
96.5	0.0
96.60000000000001	0.0
96.7	0.0
96.80000000000001	0.0
96.9	0.0
97.0	0.0
97.10000000000001	0.0
97.2	0.0
97.30000000000001	0.0
97.4	0.0
97.5	0.0
97.60000000000001	0.0
97.7	0.0
97.80000000000001	0.0
97.9	0.0
98.0	0.0
98.10000000000001	0.0
98.2	0.0
98.30000000000001	0.0
98.4	0.0
98.5	0.0
98.60000000000001	0.0
98.7	0.0
98.80000000000001	0.0
98.9	0.0
99.0	0.0
99.10000000000001	0.0
99.2	0.0
99.30000000000001	0.0
99.4	0.0
99.5	0.0
99.60000000000001	0.0
99.7	0.0
99.80000000000001	0.0
99.9	0.0
